wl,flux,bflux
3000.0,0.7934439999999999,91475.84293960196
3001.0,0.708699,81859.78987452676
3002.0,0.6614220000000001,76542.97204651269
3003.0,0.6540560000000001,75833.08307772857
3004.0,0.7107720000000001,82563.93807294137
3005.0,0.7652399999999999,89058.06959157897
3006.0,0.75542,88080.3102574724
3007.0,0.715025,83526.74250543925
3008.0,0.70491,82499.47201787119
3009.0,0.739161,86670.02888654376
3010.0,0.7824720000000001,91920.06497269553
3011.0,0.79457,93515.69849749189
3012.0,0.76966,90753.07276917137
3013.0,0.753718,89039.06606836304
3014.0,0.754219,89264.27636028946
3015.0,0.7483489999999999,88734.42475418036
3016.0,0.736058,87439.35678824737
3017.0,0.71518,85117.03088508446
3018.0,0.690117,82286.62423750128
3019.0,0.648558,77474.71451925517
3020.0,0.5838770000000001,69877.34643695269
3021.0,0.5825899999999999,69852.37309322083
3022.0,0.6886939999999999,82726.9040928678
3023.0,0.769983,92662.32103125793
3024.0,0.7619229999999999,91861.58166322557
3025.0,0.718286,86760.14468508451
3026.0,0.710516,85979.71336336002
3027.0,0.759678,92097.99598632936
3028.0,0.796217,96705.19663183643
3029.0,0.781243,95060.80283191425
3030.0,0.743577,90643.6732271265
3031.0,0.727236,88814.19139746767
3032.0,0.748717,91605.04200051037
3033.0,0.783098,95986.84701187613
3034.0,0.807449,99152.54831454983
3035.0,0.827988,101860.36587826886
3036.0,0.80614,99353.53236880971
3037.0,0.743289,91774.37648479376
3038.0,0.729007,90174.88040302943
3039.0,0.765279,94833.77903123466
3040.0,0.766637,95174.73298414255
3041.0,0.7310220000000001,90918.07156942876
3042.0,0.716204,89236.72738276723
3043.0,0.7406229999999999,92446.49713327487
3044.0,0.7660939999999999,95798.99382669144
3045.0,0.787968,98712.54272392084
3046.0,0.796247,99929.95443101935
3047.0,0.766632,96386.94092779713
3048.0,0.75355,94913.05534909404
3049.0,0.781115,98562.27894811648
3050.0,0.797331,100789.55819625573
3051.0,0.804938,101934.15095101291
3052.0,0.8124819999999999,103074.3657344941
3053.0,0.780085,99142.0168440436
3054.0,0.742529,94538.21525966584
3055.0,0.7477729999999999,95376.45446890891
3056.0,0.744205,95091.2707311837
3057.0,0.693585,88781.74826869876
3058.0,0.6622899999999999,84927.31456405863
3059.0,0.68242,87664.83004932951
3060.0,0.731063,94081.05303087804
3061.0,0.777625,100251.42609438187
3062.0,0.784157,101273.45154170781
3063.0,0.736136,95240.60649472346
3064.0,0.6675180000000001,86516.28231490895
3065.0,0.634501,82382.92687987658
3066.0,0.60364,78514.92537807999
3067.0,0.5807100000000001,75666.2288344086
3068.0,0.61101,79755.18817841233
3069.0,0.675322,88305.67901196935
3070.0,0.717785,94023.95060956365
3071.0,0.7140489999999999,93699.60993347918
3072.0,0.693308,91138.29543915244
3073.0,0.71275,93859.04067558525
3074.0,0.739678,97576.45922957468
3075.0,0.721228,95309.8253144625
3076.0,0.727159,96262.35780019655
3077.0,0.746464,98991.3553913133
3078.0,0.725877,96429.96445642342
3079.0,0.7197560000000001,95784.25153771047
3080.0,0.7335689999999999,97793.25666259523
3081.0,0.7318560000000001,97735.4187226553
3082.0,0.729877,97641.33288133303
3083.0,0.741262,99337.3839753065
3084.0,0.763916,102551.69187950937
3085.0,0.773925,104076.24685598351
3086.0,0.726699,97895.36161909979
3087.0,0.642501,86703.264439332
3088.0,0.604053,81656.36814764948
3089.0,0.611403,82793.30839146808
3090.0,0.615192,83450.75960573994
3091.0,0.6116739999999999,83117.19242180373
3092.0,0.5934189999999999,80776.08646199304
3093.0,0.580762,79189.8202418298
3094.0,0.612118,83609.45803992859
3095.0,0.650187,88962.48829593584
3096.0,0.648968,88948.69785710463
3097.0,0.634067,87055.94336337529
3098.0,0.625473,86023.69576409171
3099.0,0.588648,81098.11308481796
3100.0,0.550586,75984.5124400118
3101.0,0.558487,77207.07854454391
3102.0,0.597953,82804.61243428318
3103.0,0.660269,91590.6436739376
3104.0,0.696652,96802.8429906042
3105.0,0.677932,94362.55146527302
3106.0,0.664446,92643.26389804963
3107.0,0.7034229999999999,98245.03994478157
3108.0,0.76246,106671.97751252257
3109.0,0.767791,107600.62916814628
3110.0,0.7292310000000001,102370.47751988054
3111.0,0.7102310000000001,99872.59752654751
3112.0,0.725007,102123.41688405244
3113.0,0.7401270000000001,104429.95826503448
3114.0,0.729184,103060.20700055332
3115.0,0.745718,105575.42375965128
3116.0,0.7472489999999999,105971.03649299075
3117.0,0.679225,96486.91935870734
3118.0,0.6258630000000001,89056.63892725915
3119.0,0.600132,85539.23459814624
3120.0,0.5841770000000001,83405.34626041568
3121.0,0.581704,83192.01719312395
3122.0,0.597993,85665.3480588551
3123.0,0.653738,93808.3727650128
3124.0,0.681629,97974.72019618396
3125.0,0.6512399999999999,93763.6385445999
3126.0,0.640444,92363.68893671507
3127.0,0.64708,93476.86161408061
3128.0,0.633347,91645.93689559911
3129.0,0.627544,90957.88332200197
3130.0,0.619251,89905.62445395767
3131.0,0.628925,91462.33853608959
3132.0,0.65379,95236.69836348135
3133.0,0.648565,94632.75804578225
3134.0,0.655219,95762.55449974096
3135.0,0.686218,100459.70883420283
3136.0,0.6868920000000001,100725.20428499475
3137.0,0.6910229999999999,101498.91759559113
3138.0,0.717773,105602.58683695966
3139.0,0.730945,107718.42418818938
3140.0,0.74941,110622.11337428795
3141.0,0.7570640000000001,111936.45815164752
3142.0,0.6965210000000001,103154.6960299112
3143.0,0.518158,76865.62169152824
3144.0,0.352058,52311.675088580945
3145.0,0.37472300000000003,55771.01636377331
3146.0,0.49467700000000003,73745.08037524116
3147.0,0.566176,84542.5308534357
3148.0,0.616942,92274.11914066049
3149.0,0.684801,102591.42639921459
3150.0,0.7278479999999999,109218.90454441702
3151.0,0.733528,110251.26750775789
3152.0,0.707631,106532.678830158
3153.0,0.70016,105580.01710117706
3154.0,0.708046,106943.32256053002
3155.0,0.657027,99399.114736818
3156.0,0.534017,80920.92093859613
3157.0,0.403706,61274.067020353075
3158.0,0.357448,54341.23185461721
3159.0,0.401866,61193.07994659416
3160.0,0.458293,69898.53116525036
3161.0,0.471546,72036.40083125558
3162.0,0.48636,74419.75632766416
3163.0,0.529359,81130.18889505588
3164.0,0.556233,85386.66836933488
3165.0,0.570991,87793.63934467908
3166.0,0.581832,89604.78570863193
3167.0,0.593691,91578.435996318
3168.0,0.592433,91531.48231752573
3169.0,0.578789,89567.27522320344
3170.0,0.616953,95626.52143693366
3171.0,0.692225,107465.75290232265
3172.0,0.73698,114597.29889185629
3173.0,0.739726,115208.56884687633
3174.0,0.721528,112554.18637868356
3175.0,0.720249,112534.33281648488
3176.0,0.736272,115221.60538752125
3177.0,0.739117,115851.44037236951
3178.0,0.728748,114408.31270871009
3179.0,0.680212,106958.62283833144
3180.0,0.605489,95360.4802990539
3181.0,0.546926,86274.16246338857
3182.0,0.518044,81848.02280030429
3183.0,0.527817,83524.451694817
3184.0,0.542321,85955.71342758094
3185.0,0.554608,88042.40138084504
3186.0,0.590597,93903.92885714871
3187.0,0.615912,98083.80932230089
3188.0,0.635645,101386.1851193422
3189.0,0.667366,106613.71304991789
3190.0,0.654567,104733.90598449005
3191.0,0.590895,94695.00458005231
3192.0,0.545593,87572.64415173733
3193.0,0.564959,90823.63575191482
3194.0,0.6070840000000001,97749.01212047668
3195.0,0.62339,100532.02266010403
3196.0,0.632078,102092.91971699224
3197.0,0.6370140000000001,103051.34140564252
3198.0,0.68275,110623.00871533071
3199.0,0.7184659999999999,116591.91265439148
3200.0,0.687099,111675.86759649654
3201.0,0.68148,110935.44013277983
3202.0,0.693134,113008.45601310108
3203.0,0.685118,111875.50927980986
3204.0,0.692357,113233.52059856057
3205.0,0.7155819999999999,117213.86143250161
3206.0,0.744943,122212.77911957953
3207.0,0.738776,121389.11198290912
3208.0,0.706418,116252.27525091902
3209.0,0.709091,116872.89359117113
3210.0,0.706337,116599.119065964
3211.0,0.680345,112482.08833247251
3212.0,0.6593939999999999,109186.61370061178
3213.0,0.629354,104373.20219660272
3214.0,0.62297,103473.73426652848
3215.0,0.66952,111376.84123389819
3216.0,0.689174,114822.75248755745
3217.0,0.666415,111201.57399608781
3218.0,0.6762560000000001,113017.00129051071
3219.0,0.709144,118695.1395990935
3220.0,0.736813,123515.37295276878
3221.0,0.746213,125282.71438838312
3222.0,0.7244430000000001,121813.81690690613
3223.0,0.718588,121014.01171056053
3224.0,0.732542,123552.33974967257
3225.0,0.7317130000000001,123600.81719655814
3226.0,0.722052,122154.80483208178
3227.0,0.692325,117304.04351135522
3228.0,0.655987,111316.22573539466
3229.0,0.64504,109624.98358466478
3230.0,0.6739890000000001,114718.83851202232
3231.0,0.704834,120150.94765920214
3232.0,0.712579,121655.34130978184
3233.0,0.693049,118500.25801337049
3234.0,0.653748,111949.53826249504
3235.0,0.636947,109237.35987738444
3236.0,0.644892,110766.96112569555
3237.0,0.693701,119330.18472583049
3238.0,0.7351949999999999,126658.59510853131
3239.0,0.713951,123183.92748485065
3240.0,0.72059,124516.46419089034
3241.0,0.745097,128944.7494853199
3242.0,0.747159,129495.76640931633
3243.0,0.765895,132942.19784808508
3244.0,0.793523,137944.2535910435
3245.0,0.816098,142081.08840153395
3246.0,0.816554,142373.1629511387
3247.0,0.772551,134902.20150437398
3248.0,0.720171,125943.44173701333
3249.0,0.721643,126389.14537443726
3250.0,0.765265,134228.91099149254
3251.0,0.784501,137807.84958842502
3252.0,0.774081,136179.73917216994
3253.0,0.762841,134401.820403295
3254.0,0.771385,136108.9696453507
3255.0,0.808192,142815.03671174787
3256.0,0.8447129999999999,149489.8817198595
3257.0,0.862051,152784.118352649
3258.0,0.8698450000000001,154393.55139751904
3259.0,0.8710829999999999,154841.81692323266
3260.0,0.8658100000000001,154131.76630617763
3261.0,0.8618879999999999,153659.93035888803
3262.0,0.869898,155316.56388264394
3263.0,0.865452,154750.29133843468
3264.0,0.8281069999999999,148290.52330190846
3265.0,0.809709,145209.07753164295
3266.0,0.8351770000000001,149996.3149619401
3267.0,0.8630620000000001,155231.81299624807
3268.0,0.880131,158533.89508220265
3269.0,0.887549,160104.16746857952
3270.0,0.856613,154749.71309673061
3271.0,0.793,143467.2196098269
3272.0,0.768325,139206.06960796888
3273.0,0.7983600000000001,144858.87205697765
3274.0,0.82535,149974.36056815318
3275.0,0.8256760000000001,150252.07190545226
3276.0,0.793333,144576.492794768
3277.0,0.763666,139372.27537733145
3278.0,0.766576,140106.5167764005
3279.0,0.776388,142105.70999812454
3280.0,0.788312,144497.34363573807
3281.0,0.7895449999999999,144932.91910215814
3282.0,0.780238,143431.68207559775
3283.0,0.7899149999999999,145420.49293895328
3284.0,0.810347,149397.3709614725
3285.0,0.8174710000000001,150928.1933359668
3286.0,0.809304,149635.69861553807
3287.0,0.780184,144459.29698352455
3288.0,0.7643979999999999,141739.973580661
3289.0,0.795362,147693.50971455107
3290.0,0.837708,155780.25990983815
3291.0,0.8518819999999999,158643.32806308422
3292.0,0.8559530000000001,159629.92852476996
3293.0,0.871292,162723.2388684675
3294.0,0.87731,164081.5721437701
3295.0,0.861049,161270.48583761827
3296.0,0.8506370000000001,159547.8732240349
3297.0,0.849836,159625.0409264684
3298.0,0.8499329999999999,159870.80477324518
3299.0,0.842281,158657.08519350897
3300.0,0.8481219999999999,159984.61481573744
3301.0,0.8458700000000001,159786.60316964713
3302.0,0.804377,152164.26210795777
3303.0,0.795279,150656.62740992886
3304.0,0.814377,154493.19715878612
3305.0,0.799317,151850.93652217582
3306.0,0.77936,148269.05883629387
3307.0,0.770058,146706.4740853163
3308.0,0.760455,145081.56005878816
3309.0,0.7731680000000001,147715.0869352795
3310.0,0.78754,150672.9609213044
3311.0,0.7988930000000001,153060.2675392236
3312.0,0.8161109999999999,156579.05504799302
3313.0,0.796797,153088.3506876851
3314.0,0.7584420000000001,145923.85042675753
3315.0,0.752097,144906.09369118026
3316.0,0.759854,146605.83947984825
3317.0,0.761688,147165.49210682762
3318.0,0.773162,149591.38020616642
3319.0,0.786342,152354.10956777952
3320.0,0.778465,151038.56879807924
3321.0,0.76684,148990.65761261224
3322.0,0.731526,142327.55605635824
3323.0,0.696347,135671.7168871141
3324.0,0.737137,143818.7961970907
3325.0,0.791145,154570.5645682991
3326.0,0.77951,152508.87047334365
3327.0,0.748321,146609.9671377702
3328.0,0.749341,147013.3084145069
3329.0,0.744681,146301.39384802704
3330.0,0.7436050000000001,146292.13230980487
3331.0,0.778068,153283.7601055285
3332.0,0.7940010000000001,156638.6772977438
3333.0,0.773472,152799.3005566346
3334.0,0.7554960000000001,149453.88067083913
3335.0,0.7431800000000001,147219.97655825526
3336.0,0.716839,142197.35107155464
3337.0,0.707299,140497.79958241314
3338.0,0.736865,146571.81056284966
3339.0,0.7494,149269.71600705956
3340.0,0.730811,145766.60410479942
3341.0,0.730301,145864.37928097093
3342.0,0.736158,147235.39686771037
3343.0,0.7422310000000001,148652.96548423462
3344.0,0.761332,152686.73791149422
3345.0,0.77467,155573.6947580977
3346.0,0.756922,152216.66573955878
3347.0,0.723788,145751.67545895465
3348.0,0.675145,136141.266774345
3349.0,0.6307149999999999,127354.97049976105
3350.0,0.6782520000000001,137139.72857365193
3351.0,0.763803,154647.3491362037
3352.0,0.802936,162791.01220874637
3353.0,0.799305,162274.34035768357
3354.0,0.787307,160054.80679578075
3355.0,0.8005399999999999,162965.0179107414
3356.0,0.788212,160672.1462941396
3357.0,0.6953020000000001,141924.27698861077
3358.0,0.531411,108617.26667563638
3359.0,0.365044,74713.33485296831
3360.0,0.28361,58124.400178777454
3361.0,0.32354299999999997,66397.61044864827
3362.0,0.46702,95970.74807012425
3363.0,0.6178819999999999,127142.68080220377
3364.0,0.6965779999999999,143528.2722085274
3365.0,0.7176739999999999,148073.1312674084
3366.0,0.716882,148107.6637335325
3367.0,0.697527,144301.6011527095
3368.0,0.6347149999999999,131482.70330686047
3369.0,0.554453,115009.52263004161
3370.0,0.504631,104814.56952714422
3371.0,0.48041000000000006,99916.65797808726
3372.0,0.490863,102226.56207947408
3373.0,0.553331,115389.29631227143
3374.0,0.627551,131040.66276591504
3375.0,0.689399,144146.36800119418
3376.0,0.738614,154641.50178775747
3377.0,0.759662,159258.95563977034
3378.0,0.749024,157236.58443132983
3379.0,0.703321,147837.7450685438
3380.0,0.654686,137796.4871736494
3381.0,0.674009,142050.77473587327
3382.0,0.72537,153076.94673505676
3383.0,0.719515,152041.38458295746
3384.0,0.693654,146769.59427904224
3385.0,0.6993729999999999,148174.2606331561
3386.0,0.70409,149369.61619708032
3387.0,0.683883,145273.21678874682
3388.0,0.663362,141098.84729822472
3389.0,0.698501,148767.65400740536
3390.0,0.739334,157670.42671198488
3391.0,0.71112,151851.82501626533
3392.0,0.664669,142118.16183390247
3393.0,0.667291,142865.03033472257
3394.0,0.696276,149265.03476686392
3395.0,0.7201850000000001,154591.7100357201
3396.0,0.761182,163604.62888749325
3397.0,0.809553,174227.53448972455
3398.0,0.8284729999999999,178531.0547558369
3399.0,0.8259219999999999,178212.364972919
3400.0,0.839087,181287.83401332152
3401.0,0.832522,180102.4979727832
3402.0,0.783247,169662.0028963105
3403.0,0.760229,164888.9666697459
3404.0,0.7751899999999999,168351.16387757464
3405.0,0.775319,168596.54461471655
3406.0,0.757552,164945.49431799795
3407.0,0.7506659999999999,163656.78038939464
3408.0,0.7567229999999999,165189.68545611363
3409.0,0.7326090000000001,160131.385720034
3410.0,0.735654,161003.57497636625
3411.0,0.794844,174181.09314459353
3412.0,0.791293,173625.3424995397
3413.0,0.725052,159294.6221423209
3414.0,0.719251,158222.4442624399
3415.0,0.773204,170308.70685045907
3416.0,0.790183,174270.98053578264
3417.0,0.7771899999999999,171624.276622057
3418.0,0.813505,179872.7421607901
3419.0,0.854246,189121.6231862153
3420.0,0.837827,185722.7816306475
3421.0,0.817248,181391.43672043053
3422.0,0.814554,181023.25661414134
3423.0,0.789316,175637.18607501796
3424.0,0.774447,172547.1659052501
3425.0,0.796996,177796.1401246463
3426.0,0.803025,179367.93358992526
3427.0,0.798899,178672.0676063619
3428.0,0.833684,186687.30834502616
3429.0,0.871149,195323.18948964265
3430.0,0.8721909999999999,195803.52206111903
3431.0,0.8529329999999999,191721.51243975398
3432.0,0.824468,185556.53757961633
3433.0,0.795058,179162.5738216849
3434.0,0.821802,185421.97293800008
3435.0,0.8771040000000001,198148.193401856
3436.0,0.876251,198203.84383797512
3437.0,0.8411420000000001,190500.8356007386
3438.0,0.830304,188281.74581055975
3439.0,0.824167,187123.92929820518
3440.0,0.784307,178296.4598190631
3441.0,0.754606,171758.76402882522
3442.0,0.759865,173171.57965111174
3443.0,0.749272,170970.3138042044
3444.0,0.7480319999999999,170899.94108378992
3445.0,0.7884359999999999,180355.01223674734
3446.0,0.8220930000000001,188287.83369130694
3447.0,0.8517899999999999,195331.7712784447
3448.0,0.8816069999999999,202420.23676975374
3449.0,0.876907,201590.6979678199
3450.0,0.865642,199247.47674416113
3451.0,0.8533350000000001,196657.78101441727
3452.0,0.812991,187591.81512389123
3453.0,0.793838,183398.64021577875
3454.0,0.831667,192375.28829204972
3455.0,0.8729600000000001,202175.83906673864
3456.0,0.8830610000000001,204767.11852030433
3457.0,0.8736719999999999,202839.27291016054
3458.0,0.852342,198130.410934573
3459.0,0.8373709999999999,194889.43689508934
3460.0,0.821857,191513.45324341077
3461.0,0.798905,186393.31114374264
3462.0,0.8068960000000001,188488.30702270585
3463.0,0.849555,198696.18584013756
3464.0,0.879604,205975.66688392148
3465.0,0.86359,202472.7267019214
3466.0,0.841068,197433.00464308474
3467.0,0.857033,201425.9507595136
3468.0,0.881756,207488.98583353925
3469.0,0.8945489999999999,210755.55034149013
3470.0,0.902734,212942.55627220534
3471.0,0.898418,212181.93282460255
3472.0,0.8770209999999999,207379.94682169074
3473.0,0.850857,201437.19662834433
3474.0,0.816837,193617.37954128446
3475.0,0.777659,184554.0161274535
3476.0,0.7468,177444.8858110457
3477.0,0.763038,181522.1985299563
3478.0,0.8324440000000001,198272.51764114434
3479.0,0.881652,210246.1870035249
3480.0,0.8928229999999999,213166.64908171957
3481.0,0.893847,213668.03380722192
3482.0,0.87777,210077.2866829679
3483.0,0.8428469999999999,201961.52057198633
3484.0,0.8427020000000001,202169.18194636184
3485.0,0.8725930000000001,209591.2843299449
3486.0,0.899753,216373.90624659637
3487.0,0.915849,220508.36499722904
3488.0,0.8934799999999999,215379.89667315737
3489.0,0.8410569999999999,202985.2205929871
3490.0,0.796888,192554.84891134605
3491.0,0.801978,194015.90626680388
3492.0,0.8402879999999999,203526.1786923276
3493.0,0.8580110000000001,208066.29509377963
3494.0,0.859856,208761.73245300245
3495.0,0.823533,200180.60049484496
3496.0,0.773704,188291.6953075403
3497.0,0.776069,189091.29226655944
3498.0,0.829616,202377.7261539852
3499.0,0.87728,214258.3464824473
3500.0,0.871132,213008.50523550806
3501.0,0.8536549999999999,208981.74568965344
3502.0,0.857766,210236.1084683155
3503.0,0.874872,214681.7102078645
3504.0,0.8785950000000001,215849.3948033319
3505.0,0.858375,211130.16096176792
3506.0,0.8528819999999999,210025.87837115573
3507.0,0.873283,215302.48473363149
3508.0,0.8925549999999999,220312.2932761152
3509.0,0.8777879999999999,216921.51292807332
3510.0,0.835633,206746.1081312828
3511.0,0.8314879999999999,205961.50470715002
3512.0,0.844975,209547.15760968276
3513.0,0.818731,203276.19766715157
3514.0,0.80312,199633.14575491677
3515.0,0.84159,209439.80590856384
3516.0,0.891387,222090.9920876816
3517.0,0.9071819999999999,226289.60134530332
3518.0,0.894816,223464.72431049694
3519.0,0.8639950000000001,216018.55878951546
3520.0,0.828218,207314.00346297328
3521.0,0.8225040000000001,206122.62721248638
3522.0,0.844908,211982.6364364197
3523.0,0.844882,212221.64697801214
3524.0,0.807542,203077.13984629372
3525.0,0.773366,194707.56727891864
3526.0,0.748808,188742.45898564617
3527.0,0.7759189999999999,195801.69130927938
3528.0,0.838507,211839.62825322396
3529.0,0.868967,219787.91048281037
3530.0,0.875434,221678.4478006172
3531.0,0.8809889999999999,223341.60720819427
3532.0,0.87913,223126.3619332426
3533.0,0.8745440000000001,222217.17651507628
3534.0,0.882294,224443.48713576997
3535.0,0.879539,223998.98444897454
3536.0,0.8755459999999999,223237.28275771707
3537.0,0.892732,227879.47959675215
3538.0,0.912906,233295.3494551949
3539.0,0.9245180000000001,236532.51054924697
3540.0,0.9103760000000001,233179.9836624944
3541.0,0.8865290000000001,227330.6318529076
3542.0,0.8892040000000001,228276.13599394064
3543.0,0.9096860000000001,233799.86558255975
3544.0,0.915082,235453.93274398387
3545.0,0.901301,232171.2973572762
3546.0,0.8960469999999999,231079.678315967
3547.0,0.8868510000000001,228967.30014802676
3548.0,0.8647290000000001,223508.58887517828
3549.0,0.8682629999999999,224675.86773370506
3550.0,0.884972,229258.34620052492
3551.0,0.880762,228425.31782063816
3552.0,0.8639870000000001,224327.4774674132
3553.0,0.84567,219819.05571251127
3554.0,0.829628,215891.9835300837
3555.0,0.825335,215016.42333109697
3556.0,0.812118,211810.90530059393
3557.0,0.792062,206811.99392783974
3558.0,0.788351,206073.9449695517
3559.0,0.795779,208248.75334425565
3560.0,0.795319,208361.4270216533
3561.0,0.772604,202636.8861374252
3562.0,0.7740739999999999,203249.35368913808
3563.0,0.8046220000000001,211506.29353851863
3564.0,0.797903,209974.1085007819
3565.0,0.7434310000000001,195857.46482286305
3566.0,0.710854,187483.58350503765
3567.0,0.735685,194248.496689069
3568.0,0.7614380000000001,201271.7403311682
3569.0,0.742214,196408.1234997522
3570.0,0.719258,190544.58649478448
3571.0,0.732391,194238.84274681585
3572.0,0.742436,197120.97360697147
3573.0,0.75939,201845.45672152954
3574.0,0.780996,207817.81150463497
3575.0,0.7799659999999999,207772.9680517706
3576.0,0.770436,205460.77276129418
3577.0,0.777169,207484.83433523742
3578.0,0.785196,209858.74486243015
3579.0,0.779932,208681.23525737892
3580.0,0.751161,201204.14416769805
3581.0,0.7146710000000001,191640.30129536896
3582.0,0.732971,196763.18215908518
3583.0,0.755361,202996.02269909272
3584.0,0.707509,190344.54304759772
3585.0,0.642379,173011.45320131155
3586.0,0.6314890000000001,170264.43145203494
3587.0,0.6415420000000001,173163.92728314834
3588.0,0.64551,174425.13411801506
3589.0,0.633238,171295.6700438871
3590.0,0.656578,177802.81684534528
3591.0,0.762853,206807.18875506672
3592.0,0.8409709999999999,228232.676692146
3593.0,0.8435440000000001,229179.69919378584
3594.0,0.8357950000000001,227320.88776001596
3595.0,0.8413459999999999,229078.82642025527
3596.0,0.858143,233905.42283706804
3597.0,0.882819,240891.89046009345
3598.0,0.907957,248019.166186341
3599.0,0.9288379999999999,253997.2191381619
3600.0,0.9208860000000001,252094.54904560465
3601.0,0.882258,241780.54922020945
3602.0,0.8433120000000001,231356.5385696923
3603.0,0.8423200000000001,231333.17950066537
3604.0,0.857944,235877.5704719254
3605.0,0.853067,234788.76483457282
3606.0,0.859318,236763.15424308402
3607.0,0.8817510000000001,243204.59899871302
3608.0,0.8685450000000001,239818.86119832448
3609.0,0.8252959999999999,228121.13168959657
3610.0,0.807467,223431.75724658568
3611.0,0.8254309999999999,228646.63395153946
3612.0,0.835001,231544.53110561997
3613.0,0.8193010000000001,227433.3192737685
3614.0,0.83701,232596.88907333236
3615.0,0.888863,247269.36430950376
3616.0,0.921284,256561.1064153614
3617.0,0.9058510000000001,252531.43424674062
3618.0,0.846914,236351.82217465114
3619.0,0.814198,227462.71544016525
3620.0,0.85124,238063.2382578562
3621.0,0.886532,248195.8047060267
3622.0,0.894385,250659.29503914833
3623.0,0.8940870000000001,250840.67210480684
3624.0,0.8809110000000001,247405.10618278247
3625.0,0.883692,248448.04370054838
3626.0,0.901708,253780.46905087886
3627.0,0.876366,246907.9029265336
3628.0,0.8372280000000001,236129.36340558727
3629.0,0.8307110000000001,234537.65474270983
3630.0,0.806946,228067.30934918555
3631.0,0.7635350000000001,216024.5200494537
3632.0,0.780402,221028.15135717348
3633.0,0.826659,234374.47895491341
3634.0,0.824716,234068.31605296413
3635.0,0.797752,226652.22535296736
3636.0,0.80983,230324.11370093495
3637.0,0.8416290000000001,239617.91653516388
3638.0,0.839253,239190.61434161212
3639.0,0.8234959999999999,234944.31960236255
3640.0,0.839724,239823.55282911862
3641.0,0.846359,241969.86550809836
3642.0,0.812284,232469.27092731392
3643.0,0.792553,227057.8632668984
3644.0,0.7984289999999999,228978.4979702776
3645.0,0.795402,228346.750193189
3646.0,0.8033319999999999,230862.06224671658
3647.0,0.807191,232210.980733822
3648.0,0.810226,233324.93108250728
3649.0,0.828039,238700.80484410442
3650.0,0.834132,240705.26280348457
3651.0,0.8095939999999999,233865.08513845544
3652.0,0.802171,231959.3922311032
3653.0,0.844174,244356.25852372102
3654.0,0.88403,256156.0285284438
3655.0,0.917552,266142.3217282363
3656.0,0.9345829999999999,271360.35768929555
3657.0,0.916525,266389.87084072013
3658.0,0.8906139999999999,259123.83926727626
3659.0,0.876157,255178.3604046134
3660.0,0.85544,249399.2324523784
3661.0,0.8465889999999999,247070.80324809713
3662.0,0.865535,252857.7584962279
3663.0,0.8849100000000001,258781.4801508701
3664.0,0.866275,253589.87415786632
3665.0,0.859583,251886.89890704778
3666.0,0.89886,263664.12898196536
3667.0,0.923222,271085.30147128366
3668.0,0.900126,264571.8055877801
3669.0,0.8508190000000001,250332.6305120057
3670.0,0.8346,245809.28943431567
3671.0,0.857073,252683.53991568697
3672.0,0.8605299999999999,253959.21820979528
3673.0,0.828825,244849.5083987887
3674.0,0.829557,245313.05178854725
3675.0,0.87451,258867.0847958319
3676.0,0.8883610000000001,263232.0517651895
3677.0,0.856441,254029.15760538346
3678.0,0.828411,245962.22383156294
3679.0,0.823089,244627.5637563279
3680.0,0.8369770000000001,249004.82231926543
3681.0,0.843498,251196.47239700073
3682.0,0.789208,235264.1787791098
3683.0,0.7632899999999999,227765.7160045023
3684.0,0.807543,241211.76970052262
3685.0,0.823083,246099.160472305
3686.0,0.797866,238797.47285689053
3687.0,0.769872,230648.78209724525
3688.0,0.795335,238514.73535096672
3689.0,0.8604120000000001,258287.6638768113
3690.0,0.889548,267299.58542094385
3691.0,0.871626,262174.45461730444
3692.0,0.8379,252280.2738815333
3693.0,0.801804,241651.68974560156
3694.0,0.8049729999999999,242847.1740390162
3695.0,0.859942,259687.25277168315
3696.0,0.878591,265581.3422435002
3697.0,0.8448110000000001,255622.64276340354
3698.0,0.8392780000000001,254199.18764749623
3699.0,0.884706,268222.65717424144
3700.0,0.926538,281181.9915843684
3701.0,0.9310870000000001,282840.7105988864
3702.0,0.9079299999999999,276077.50649836374
3703.0,0.846675,257704.50224180566
3704.0,0.775176,236173.85124725912
3705.0,0.728773,222254.00910904788
3706.0,0.7166399999999999,218768.0133599349
3707.0,0.7573840000000001,231432.29678913974
3708.0,0.801238,245072.20135267678
3709.0,0.8102159999999999,248060.50123094433
3710.0,0.7909149999999999,242387.66536347973
3711.0,0.781297,239673.69774197025
3712.0,0.806167,247543.97867827307
3713.0,0.866276,266260.27642179327
3714.0,0.913903,281172.3171604041
3715.0,0.915414,281910.97508935834
3716.0,0.9072110000000001,279656.12379053625
3717.0,0.9137850000000001,281955.94762530073
3718.0,0.904026,279215.152007216
3719.0,0.8516360000000001,263288.87900583906
3720.0,0.7798510000000001,241329.3802577191
3721.0,0.716701,222001.6757608765
3722.0,0.68783,213264.54097633564
3723.0,0.7321979999999999,227240.11026659934
3724.0,0.809929,251606.54605080702
3725.0,0.8808549999999999,273903.48818053276
3726.0,0.899516,279975.3550467317
3727.0,0.8639379999999999,269160.22342402145
3728.0,0.8613770000000001,268620.1498205491
3729.0,0.8954340000000001,279508.8280382866
3730.0,0.903751,282375.48714573187
3731.0,0.891516,278819.54824005824
3732.0,0.854784,267587.58397594665
3733.0,0.7843720000000001,245780.13289810196
3734.0,0.718356,225309.32010540113
3735.0,0.713508,224002.38582203895
3736.0,0.740603,232730.47216054838
3737.0,0.740809,233017.01979043477
3738.0,0.76904,242127.18699898414
3739.0,0.827421,260755.82803930185
3740.0,0.87125,274829.12675010634
3741.0,0.8786129999999999,277414.84568541223
3742.0,0.870642,275158.8078348596
3743.0,0.861718,272596.53258321574
3744.0,0.8536540000000001,270301.23197337164
3745.0,0.8225020000000001,260683.604346597
3746.0,0.794773,252133.23425847074
3747.0,0.80245,254809.04112845322
3748.0,0.7776930000000001,247180.68498278476
3749.0,0.72645,231111.30315828134
3750.0,0.727801,231759.12944642437
3751.0,0.802787,255877.97594969778
3752.0,0.86526,276049.65202534775
3753.0,0.8754350000000001,279558.12085999385
3754.0,0.8787969999999999,280895.0148022984
3755.0,0.9002950000000001,288036.27960341383
3756.0,0.9127209999999999,292285.2610790808
3757.0,0.8776079999999999,281303.79755206686
3758.0,0.819743,263001.67688654416
3759.0,0.80101,257231.49904382767
3760.0,0.81881,263193.0335653757
3761.0,0.8407469999999999,270496.25127556623
3762.0,0.8717739999999999,280739.9002367609
3763.0,0.884749,285183.4023113289
3764.0,0.877433,283088.15550029476
3765.0,0.892072,288078.4984988114
3766.0,0.8957309999999999,289528.53752200544
3767.0,0.882077,285379.47756816325
3768.0,0.886338,287023.6693746036
3769.0,0.8738049999999999,283226.9693190678
3770.0,0.8180689999999999,265406.3972521423
3771.0,0.8025979999999999,260627.67523015453
3772.0,0.852827,277194.136665859
3773.0,0.884418,287727.21886250365
3774.0,0.868223,282718.7252960531
3775.0,0.847519,276230.9133747277
3776.0,0.8605520000000001,280736.6671803465
3777.0,0.9009229999999999,294176.8666672351
3778.0,0.9304110000000001,304084.3988463807
3779.0,0.942119,308193.277877872
3780.0,0.9546100000000001,312565.5527083445
3781.0,0.961348,315059.9021468529
3782.0,0.952418,312418.76582740474
3783.0,0.93248,306158.0573029923
3784.0,0.926766,304559.77945262106
3785.0,0.917653,301840.056841219
3786.0,0.878459,289211.42820839904
3787.0,0.851549,280607.1967098832
3788.0,0.847043,279376.24024174636
3789.0,0.8531,281629.69327896053
3790.0,0.8686969999999999,287039.0292233456
3791.0,0.888575,293873.545833885
3792.0,0.8946620000000001,296154.821924114
3793.0,0.8769629999999999,290558.8733733642
3794.0,0.8507540000000001,282130.19587083557
3795.0,0.837736,278064.2077374392
3796.0,0.825528,274259.5149492291
3797.0,0.772638,256919.80670624925
3798.0,0.728847,242576.7449837085
3799.0,0.763311,254275.91721391588
3800.0,0.835893,278705.12580528785
3801.0,0.886048,295693.4614359529
3802.0,0.905808,302559.2761010107
3803.0,0.915641,306118.1256371894
3804.0,0.9149709999999999,306168.3427702544
3805.0,0.896876,300382.1644461741
3806.0,0.8643190000000001,289737.18179508875
3807.0,0.8395450000000001,281684.0324885023
3808.0,0.8557379999999999,287373.549881621
3809.0,0.886496,297968.3443161082
3810.0,0.894864,301049.1492666991
3811.0,0.8805790000000001,296507.2789081294
3812.0,0.847707,285692.6847493791
3813.0,0.8099270000000001,273202.8290385014
3814.0,0.79457,268260.72375357506
3815.0,0.788032,266289.5010260509
3816.0,0.789942,267171.60977575596
3817.0,0.8202950000000001,277683.2781168366
3818.0,0.8354280000000001,283056.34954304394
3819.0,0.809901,274650.0430513595
3820.0,0.768263,260760.11648006382
3821.0,0.757487,257329.51158993065
3822.0,0.779084,264899.7276479543
3823.0,0.77871,265005.8398412184
3824.0,0.742479,252898.3439317894
3825.0,0.7052729999999999,240436.74453028102
3826.0,0.689496,235264.69242940008
3827.0,0.6906760000000001,235874.20246945755
3828.0,0.69213,236578.06884063312
3829.0,0.693619,237294.7729799627
3830.0,0.690443,236415.01620447947
3831.0,0.667188,228652.07329210427
3832.0,0.62746,215224.79704919684
3833.0,0.608305,208836.61603415819
3834.0,0.601047,206524.86612845524
3835.0,0.591513,203426.02784036336
3836.0,0.610834,210253.57702536203
3837.0,0.6450020000000001,222207.58180072648
3838.0,0.653349,225278.79793845827
3839.0,0.65556,226237.43594760352
3840.0,0.654827,226180.51706817988
3841.0,0.6550199999999999,226443.2729199893
3842.0,0.679496,235108.143878408
3843.0,0.7026060000000001,243314.60929821516
3844.0,0.7053729999999999,244483.96779690334
3845.0,0.69143,239858.24529403014
3846.0,0.673797,233942.99468388763
3847.0,0.671903,233486.48643254055
3848.0,0.669981,233019.09615390486
3849.0,0.641175,223192.25689396902
3850.0,0.618282,215408.24525990486
3851.0,0.645675,225145.11466955958
3852.0,0.686669,239645.06794050915
3853.0,0.692024,241720.9923592613
3854.0,0.689325,240984.47282120772
3855.0,0.698435,244378.22539890368
3856.0,0.685463,240044.45153163956
3857.0,0.652946,228852.53362711417
3858.0,0.6133149999999999,215145.62173882258
3859.0,0.577689,202821.10927236354
3860.0,0.5700890000000001,200323.32004571325
3861.0,0.596631,209828.32735468558
3862.0,0.6693859999999999,235615.60356303785
3863.0,0.7385470000000001,260180.26074272717
3864.0,0.732151,258145.9485248353
3865.0,0.674388,237981.17207571678
3866.0,0.617222,217992.6943391757
3867.0,0.5657270000000001,199974.62437754887
3868.0,0.504953,178643.01789918233
3869.0,0.427886,151506.03745986198
3870.0,0.334063,118384.99986145229
3871.0,0.27558,97742.1981026044
3872.0,0.322666,114538.99871645146
3873.0,0.444258,157834.11234427252
3874.0,0.5595829999999999,198973.49682247711
3875.0,0.631127,224601.29332073327
3876.0,0.630219,224466.44338600404
3877.0,0.557197,198624.497214926
3878.0,0.47337700000000005,168886.51382380794
3879.0,0.42515,151807.57633734628
3880.0,0.377515,134911.38156411878
3881.0,0.30388000000000004,108687.41967864466
3882.0,0.268258,96026.7644385397
3883.0,0.383378,137350.0821308968
3884.0,0.619892,222269.34017198364
3885.0,0.779772,279828.94051441783
3886.0,0.805303,289231.40166883986
3887.0,0.789026,283620.90873917175
3888.0,0.733759,263973.813721386
3889.0,0.648877,233630.71255147262
3890.0,0.656366,236523.03796968344
3891.0,0.7353029999999999,265187.5929720133
3892.0,0.777516,280643.74173002294
3893.0,0.7724439999999999,279043.47242476937
3894.0,0.750448,271321.3550622662
3895.0,0.7065520000000001,255661.70775193878
3896.0,0.72241,261615.3130132602
3897.0,0.760537,275649.5507103548
3898.0,0.76043,275837.5507235302
3899.0,0.782695,284147.3328474351
3900.0,0.790049,287052.67966603854
3901.0,0.73807,268386.92784016585
3902.0,0.691077,251504.72517890413
3903.0,0.744717,271248.0073764249
3904.0,0.817751,298092.89688961976
3905.0,0.791049,288595.03864420095
3906.0,0.752185,274640.6073992239
3907.0,0.784197,286562.62264864333
3908.0,0.8220350000000001,300634.3749886314
3909.0,0.821548,300701.0255486325
3910.0,0.775817,284193.7839070693
3911.0,0.7914800000000001,290167.1350702798
3912.0,0.860985,315905.02498270926
3913.0,0.846017,310665.04405638453
3914.0,0.783112,287798.9516307369
3915.0,0.762459,280435.85030259454
3916.0,0.7925770000000001,291749.3450314934
3917.0,0.849467,312943.54914468504
3918.0,0.875181,322677.0806649176
3919.0,0.8366370000000001,308715.00071732124
3920.0,0.735284,271535.0449844584
3921.0,0.66993,247599.62772550262
3922.0,0.726378,268678.3745887848
3923.0,0.8208129999999999,303852.91470917553
3924.0,0.8763549999999999,324674.42586258706
3925.0,0.8838440000000001,327711.8487962894
3926.0,0.851875,316111.7179129851
3927.0,0.771521,286523.56854001095
3928.0,0.680751,253016.26976353925
3929.0,0.644942,239898.7937938887
3930.0,0.592398,220530.1205168651
3931.0,0.47516899999999995,177030.8852528494
3932.0,0.319899,119277.93674089936
3933.0,0.18593099999999999,69381.71311275964
3934.0,0.155827,58194.45239721889
3935.0,0.24861399999999997,92920.12905983854
3936.0,0.420109,157141.62530217975
3937.0,0.6002069999999999,224685.49072521098
3938.0,0.727136,272416.884288949
3939.0,0.8018529999999999,300647.2399477686
3940.0,0.8367450000000001,313978.1041948319
3941.0,0.842944,316554.4485569696
3942.0,0.8254739999999999,310238.89368130174
3943.0,0.767104,288529.30208226515
3944.0,0.7379600000000001,277786.4264260079
3945.0,0.807248,304107.6774779881
3946.0,0.881193,332225.7886244105
3947.0,0.8955989999999999,337922.7929799751
3948.0,0.8814700000000001,332853.16731089377
3949.0,0.874633,330530.83237827045
3950.0,0.8756309999999999,331167.64173032035
3951.0,0.855183,323687.6755081264
3952.0,0.797508,302094.0560181567
3953.0,0.788218,298808.6716929134
3954.0,0.866742,328833.53172650724
3955.0,0.9144399999999999,347200.67959415575
3956.0,0.896438,340631.1779950223
3957.0,0.883057,335808.24378636497
3958.0,0.899648,342383.9540390828
3959.0,0.919366,350160.44248740055
3960.0,0.9061610000000001,345399.38620931533
3961.0,0.834326,318265.2444926847
3962.0,0.753386,287612.6061669786
3963.0,0.74028,282828.3988816468
3964.0,0.765904,292844.8936461791
3965.0,0.732457,280273.1301506608
3966.0,0.599056,229404.77710809777
3967.0,0.403366,154585.8441527578
3968.0,0.24202600000000002,92825.55372923976
3969.0,0.22992100000000001,88250.86092899578
3970.0,0.369595,141971.40436054804
3971.0,0.541061,207996.10203506003
3972.0,0.656594,252603.72114609575
3973.0,0.726513,279717.59641302936
3974.0,0.775307,298733.11120026116
3975.0,0.8352510000000001,322076.9281745245
3976.0,0.89249,344412.27377973293
3977.0,0.915025,353378.8614325238
3978.0,0.926417,358052.05064850394
3979.0,0.9428219999999999,364670.8892832312
3980.0,0.9460069999999999,366182.15289062285
3981.0,0.907108,351392.87662386027
3982.0,0.8401280000000001,325694.3653854587
3983.0,0.8262709999999999,320566.2698168179
3984.0,0.881274,342165.71874777623
3985.0,0.9138209999999999,355072.1384327078
3986.0,0.8811899999999999,342653.08253584703
3987.0,0.853441,332114.5527309925
3988.0,0.8878719999999999,345775.153225733
3989.0,0.926024,360906.2332027232
3990.0,0.9369700000000001,365448.5504072305
3991.0,0.94773,369924.6768223971
3992.0,0.9544739999999999,372838.3646969133
3993.0,0.933,364725.1005546063
3994.0,0.886394,346767.21792463516
3995.0,0.873382,341934.0748546658
3996.0,0.9027649999999999,353703.5976191959
3997.0,0.9112620000000001,357301.09298170765
3998.0,0.896782,351887.6207079802
3999.0,0.8880450000000001,348720.7604609304
4000.0,0.865816,340246.6535011733
4001.0,0.847836,333430.4328318124
4002.0,0.889599,350116.43626083835
4003.0,0.941916,370983.7786128954
4004.0,0.941494,371094.5180647105
4005.0,0.897766,354122.95152859774
4006.0,0.8627450000000001,340562.6489826381
4007.0,0.875447,345834.0650515357
4008.0,0.92133,364230.38596066466
4009.0,0.948154,375113.4165807187
4010.0,0.955095,378140.1107558738
4011.0,0.952659,377455.5490973914
4012.0,0.936484,371321.9057914475
4013.0,0.93216,369881.1902703036
4014.0,0.933843,370823.2290926936
4015.0,0.923178,366859.2686943965
4016.0,0.897533,356931.73830361385
4017.0,0.8716079999999999,346877.67345667246
4018.0,0.877667,349546.5452834537
4019.0,0.887432,353695.9944318097
4020.0,0.8872260000000001,353874.14709488983
4021.0,0.910459,363407.7584269285
4022.0,0.9407030000000001,375755.42920122796
4023.0,0.9491149999999999,379393.78651361965
4024.0,0.924217,369712.11253056617
4025.0,0.884602,354124.2775251362
4026.0,0.8771030000000001,351379.279210038
4027.0,0.896674,359482.37621251633
4028.0,0.910171,365160.0055721383
4029.0,0.9129379999999999,366537.47989993764
4030.0,0.892941,358770.2910794194
4031.0,0.87424,351512.436773276
4032.0,0.867972,349246.25744030497
4033.0,0.833958,335804.0721672047
4034.0,0.79677,321062.95406401146
4035.0,0.813612,328087.53020836634
4036.0,0.8672860000000001,349985.1207134743
4037.0,0.9032459999999999,364760.5566976316
4038.0,0.9204760000000001,371987.70142542734
4039.0,0.9146860000000001,369915.1728387569
4040.0,0.890227,360283.67868641776
4041.0,0.895069,362504.80535073305
4042.0,0.919688,372744.2133520374
4043.0,0.91607,371545.41120417643
4044.0,0.894921,363228.99101526156
4045.0,0.8719299999999999,354152.0033622802
4046.0,0.860885,349917.13840637886
4047.0,0.869401,353632.29003824515
4048.0,0.8719950000000001,354941.8360688545
4049.0,0.87202,355206.3946363663
4050.0,0.887433,361743.51301519916
4051.0,0.9148850000000001,373200.5259658363
4052.0,0.9206280000000001,375811.6135853682
4053.0,0.907438,370691.79392125417
4054.0,0.90805,371206.4221391602
4055.0,0.918034,375555.3113143387
4056.0,0.9233530000000001,378000.215245002
4057.0,0.9185479999999999,376300.6727858818
4058.0,0.903335,370331.4103899336
4059.0,0.902206,370131.2145137276
4060.0,0.92885,381332.3003376516
4061.0,0.953356,391670.47599357244
4062.0,0.943077,387721.8945326044
4063.0,0.9078930000000001,373520.97922000097
4064.0,0.885648,364626.6059969587
4065.0,0.860483,354516.21062470175
4066.0,0.816628,336685.47750565165
4067.0,0.831834,343196.47394179576
4068.0,0.904085,373268.34790539707
4069.0,0.952413,393498.1417348735
4070.0,0.9550850000000001,394879.49728848063
4071.0,0.9299200000000001,384745.06536613754
4072.0,0.918178,380153.490077946
4073.0,0.922974,382407.07253699005
4074.0,0.90386,374750.03804472944
4075.0,0.885237,367285.5702651281
4076.0,0.892531,370570.74360745953
4077.0,0.8895190000000001,369578.1446442686
4078.0,0.8929530000000001,371263.80049132876
4079.0,0.92784,386037.74656108
4080.0,0.9571729999999999,398519.4449279851
4081.0,0.9663930000000001,402638.19602307584
4082.0,0.9531940000000001,397415.07510543603
4083.0,0.907019,378426.01583504956
4084.0,0.846757,353528.70521240536
4085.0,0.843532,352426.4204922228
4086.0,0.9045120000000001,378165.5488780538
4087.0,0.9561379999999999,400026.4090042386
4088.0,0.9783299999999999,409594.04656262265
4089.0,0.9841610000000001,412319.921841835
4090.0,0.981512,411493.90724737913
4091.0,0.975668,409325.88439218473
4092.0,0.967776,406294.62042781356
4093.0,0.960083,403342.3326051583
4094.0,0.9442709999999999,396972.3007908961
4095.0,0.9199440000000001,387010.8987343597
4096.0,0.9092959999999999,382793.9474852383
4097.0,0.9243309999999999,389390.18773056264
4098.0,0.9476030000000001,399467.3984208139
4099.0,0.9482139999999999,399998.56466069573
4100.0,0.901593,380591.84895374585
4101.0,0.813932,343822.01691847516
4102.0,0.7777930000000001,328780.4051440239
4103.0,0.831084,351546.58238168043
4104.0,0.8833409999999999,373905.74462959485
4105.0,0.9040819999999999,382945.60504652874
4106.0,0.912867,386929.6588011055
4107.0,0.920126,390271.4565750128
4108.0,0.9282469999999999,393983.2360620192
4109.0,0.921968,391583.57513279177
4110.0,0.9203,391139.9726454211
4111.0,0.9400280000000001,399795.0912064823
4112.0,0.95911,408186.5633274022
4113.0,0.968349,412397.04157695104
4114.0,0.9717790000000001,414137.1777134936
4115.0,0.9745389999999999,415593.49429143436
4116.0,0.976876,416870.81729172455
4117.0,0.966942,412909.37730717
4118.0,0.936786,400301.03334378626
4119.0,0.909675,388977.34524262056
4120.0,0.9111469999999999,389868.33036061533
4121.0,0.922415,394954.4911595955
4122.0,0.928976,398030.28459688684
4123.0,0.932415,399771.223340063
4124.0,0.9335319999999999,400517.8478205913
4125.0,0.9340229999999999,400996.28946743987
4126.0,0.93161,400227.3619389975
4127.0,0.925176,397728.37597412517
4128.0,0.921325,396336.7934702712
4129.0,0.9264030000000001,398786.5831801792
4130.0,0.930737,400918.731898587
4131.0,0.9180209999999999,395704.0561136545
4132.0,0.8919950000000001,384741.0773831649
4133.0,0.879978,379809.5987565533
4134.0,0.8801479999999999,380134.7278380507
4135.0,0.89743,387855.4314199618
4136.0,0.9231159999999999,399220.4325689698
4137.0,0.9289229999999999,401997.2865274949
4138.0,0.9264399999999999,401187.4710738628
4139.0,0.930269,403111.3314802881
4140.0,0.93355,404799.68882640754
4141.0,0.924975,401345.54503969755
4142.0,0.90161,391464.8503156217
4143.0,0.8755200000000001,380386.8207620608
4144.0,0.8703110000000001,378371.95304050756
4145.0,0.887552,386120.69702580996
4146.0,0.9053190000000001,394108.18723814044
4147.0,0.9157129999999999,398893.98387419747
4148.0,0.9031870000000001,393694.91597449343
4149.0,0.8711139999999999,379962.6269692065
4150.0,0.866065,378007.0271386478
4151.0,0.89718,391843.10083595116
4152.0,0.9109299999999999,398107.72020225436
4153.0,0.892307,390222.7692451772
4154.0,0.869877,380661.1939682867
4155.0,0.880268,385458.7081751409
4156.0,0.899017,393924.3074092165
4157.0,0.896192,392941.23608712055
4158.0,0.888109,389649.58958027663
4159.0,0.895133,392985.62772277446
4160.0,0.9119440000000001,400625.1019333083
4161.0,0.9118860000000001,400858.5608612985
4162.0,0.8950170000000001,393697.1468716278
4163.0,0.8811370000000001,387841.7253104973
4164.0,0.881856,388408.4018910424
4165.0,0.901236,397199.8391049906
4166.0,0.9062209999999999,399653.8367645631
4167.0,0.882295,389352.310718677
4168.0,0.8785649999999999,387955.2665328963
4169.0,0.895682,395767.5275702592
4170.0,0.906043,400602.28324352956
4171.0,0.9023899999999999,399242.6474128763
4172.0,0.867756,384165.23657493835
4173.0,0.839511,371898.43932299287
4174.0,0.846259,375127.1829895771
4175.0,0.8625229999999999,382580.5910611118
4176.0,0.875323,388505.6564898582
4177.0,0.8609950000000001,382389.656700252
4178.0,0.843258,374750.50079933944
4179.0,0.860848,382810.82980027026
4180.0,0.8658239999999999,385268.1379701426
4181.0,0.849382,378191.710133656
4182.0,0.846419,377111.3276486498
4183.0,0.846052,377186.55024800403
4184.0,0.852351,380235.20928256324
4185.0,0.860216,383986.38752766995
4186.0,0.832067,371655.71413068415
4187.0,0.80094,357978.09223127813
4188.0,0.804571,359827.65300885815
4189.0,0.8227770000000001,368201.66329298867
4190.0,0.8521280000000001,381576.5063901925
4191.0,0.8615719999999999,386047.99645801727
4192.0,0.845668,379159.8173855037
4193.0,0.8484889999999999,380663.3396999721
4194.0,0.839292,376773.28079414443
4195.0,0.80987,363792.9250640086
4196.0,0.814209,365970.8604952379
4197.0,0.8271959999999999,372040.7006871591
4198.0,0.815955,367214.14650711825
4199.0,0.818874,368757.78149298724
4200.0,0.8366049999999999,376977.3279204456
4201.0,0.8317620000000001,375028.49272985646
4202.0,0.839463,378736.2811423482
4203.0,0.8638530000000001,389982.4907453714
4204.0,0.859182,388114.7013744274
4205.0,0.8308260000000001,375538.4532443767
4206.0,0.8188880000000001,370371.87616304896
4207.0,0.8344870000000001,377660.8621932051
4208.0,0.8709959999999999,394427.5354669286
4209.0,0.8792549999999999,398413.7543829819
4210.0,0.848082,384525.7994751701
4211.0,0.816225,370310.0026659087
4212.0,0.804473,365203.29477210063
4213.0,0.808821,367403.29572401324
4214.0,0.808955,367690.2883051826
4215.0,0.7779010000000001,353792.84312453005
4216.0,0.74946,341067.1107618024
4217.0,0.767599,349536.23650859523
4218.0,0.805072,366824.8108564135
4219.0,0.8549530000000001,389791.30518963776
4220.0,0.9092370000000001,414794.2111511296
4221.0,0.915071,417710.9027857952
4222.0,0.8752270000000001,399766.9726845826
4223.0,0.8291360000000001,378945.6409132094
4224.0,0.815649,373008.85706224834
4225.0,0.8263659999999999,378140.08953921107
4226.0,0.812327,371942.12772573106
4227.0,0.804766,368704.1763735209
4228.0,0.847463,388501.6717418292
4229.0,0.8679479999999999,398134.0446228916
4230.0,0.8320770000000001,381911.15603495913
4231.0,0.806493,370392.68623541907
4232.0,0.81838,376079.39177815523
4233.0,0.8495530000000001,390640.70038436283
4234.0,0.887207,408201.13786020153
4235.0,0.8618549999999999,396776.05194442754
4236.0,0.752033,346425.53431540047
4237.0,0.6959390000000001,320778.81526783877
4238.0,0.751135,346428.62231511646
4239.0,0.8298979999999999,382984.77175127825
4240.0,0.8731049999999999,403166.1302160515
4241.0,0.8562280000000001,395610.24015050265
4242.0,0.7613489999999999,351983.3913778228
4243.0,0.699388,323531.5323651981
4244.0,0.768726,355819.55682692135
4245.0,0.865823,401002.3581448903
4246.0,0.8780190000000001,406893.7734188894
4247.0,0.800198,371051.05579165963
4248.0,0.7002970000000001,324920.6507924102
4249.0,0.660583,306676.8816295348
4250.0,0.719108,334045.8815339287
4251.0,0.815376,378990.25268844806
4252.0,0.8510120000000001,395788.9585043619
4253.0,0.800154,372356.7271019302
4254.0,0.72942,339641.44803392043
4255.0,0.700996,326599.6457400758
4256.0,0.76343,355898.62032407994
4257.0,0.8553629999999999,398992.02535148355
4258.0,0.8442639999999999,394047.39398788253
4259.0,0.790021,368947.8791688947
4260.0,0.777121,363137.40206054045
4261.0,0.7548779999999999,352951.3289997157
4262.0,0.7513270000000001,351497.7310223786
4263.0,0.779888,365074.0855299676
4264.0,0.774817,362913.3202578225
4265.0,0.789606,370057.29432998155
4266.0,0.810072,379871.4670831042
4267.0,0.759073,356164.707274106
4268.0,0.7230439999999999,339458.0508594563
4269.0,0.730341,343084.3271822818
4270.0,0.709937,333694.1411193071
4271.0,0.6983020000000001,328416.8208233449
4272.0,0.713499,335759.7052299533
4273.0,0.688581,324222.46545819496
4274.0,0.623141,293580.3757686661
4275.0,0.6219100000000001,293170.74131332355
4276.0,0.699341,329863.4744936283
4277.0,0.7810600000000001,368622.2570937869
4278.0,0.796671,376207.8450859542
4279.0,0.703146,332235.31692518026
4280.0,0.590875,279348.99465201196
4281.0,0.62022,293391.9815959362
4282.0,0.725639,343458.15394948254
4283.0,0.783655,371132.195452987
4284.0,0.7497090000000001,355260.33287556306
4285.0,0.635365,301250.18283073767
4286.0,0.5760390000000001,273278.6623144235
4287.0,0.645379,306350.2470037009
4288.0,0.715382,339774.4744914508
4289.0,0.6937979999999999,329712.1010388441
4290.0,0.6622979999999999,314922.83744496707
4291.0,0.666449,317078.1156458261
4292.0,0.708164,337117.7315976669
4293.0,0.752306,358336.00382549484
4294.0,0.739528,352450.78303067666
4295.0,0.694865,331353.83378112706
4296.0,0.635648,303288.34429438284
4297.0,0.552441,263737.67824100424
4298.0,0.502626,240092.30152781113
4299.0,0.44727799999999995,213775.3366215137
4300.0,0.398863,190743.76847908256
4301.0,0.419729,200836.15493116723
4302.0,0.44116000000000005,211210.31909142673
4303.0,0.419842,201117.9062376203
4304.0,0.404416,193837.9498324088
4305.0,0.419446,201155.50693543296
4306.0,0.44983599999999996,215851.58336356748
4307.0,0.43450600000000006,208613.1776476025
4308.0,0.36436999999999997,175038.37532656558
4309.0,0.314227,151035.3585354913
4310.0,0.294219,141497.93045617337
4311.0,0.291682,140356.65638548677
4312.0,0.335057,161319.12686713898
4313.0,0.44590799999999997,214810.73675422344
4314.0,0.592359,285521.6446145354
4315.0,0.7476149999999999,360558.0095682171
4316.0,0.8817020000000001,425463.035826773
4317.0,0.938204,452980.939435212
4318.0,0.9390129999999999,453624.6685147631
4319.0,0.9378129999999999,453297.6743255111
4320.0,0.921818,445814.69730726595
4321.0,0.87554,423669.22442754713
4322.0,0.7778149999999999,376589.9626037742
4323.0,0.6095119999999999,295267.71287218836
4324.0,0.521282,252666.38978074255
4325.0,0.583677,283066.2854264986
4326.0,0.696118,337783.95975797216
4327.0,0.7852979999999999,381268.57983779546
4328.0,0.818195,397460.05371527025
4329.0,0.81797,397570.3203252931
4330.0,0.8243969999999999,400915.33757866226
4331.0,0.849251,413229.9570047531
4332.0,0.860044,418712.2227969954
4333.0,0.840324,409336.7598999378
4334.0,0.8241229999999999,401665.7506703747
4335.0,0.842849,411018.24891057855
4336.0,0.8578879999999999,418581.72058395064
4337.0,0.8072779999999999,394104.0477679281
4338.0,0.7345619999999999,358801.3960218091
4339.0,0.690703,337562.87132726406
4340.0,0.667832,326563.7652370357
4341.0,0.687862,336542.0251453598
4342.0,0.7415229999999999,362994.1316509378
4343.0,0.764548,374469.54512115475
4344.0,0.791057,387664.53317875596
4345.0,0.8443799999999999,414021.17378158716
4346.0,0.852799,418376.6093625061
4347.0,0.822011,403491.34116773715
4348.0,0.8185,401985.9996489828
4349.0,0.858497,421858.1632318046
4350.0,0.848176,417012.299448872
4351.0,0.762357,375021.5845331088
4352.0,0.6870189999999999,338143.76616857445
4353.0,0.690349,339966.3098610082
4354.0,0.7150989999999999,352344.64392452646
4355.0,0.696453,343342.38346680906
4356.0,0.690987,340831.21338421333
4357.0,0.734061,362272.4378781862
4358.0,0.749581,370130.7355821163
4359.0,0.7180949999999999,354773.93148445693
4360.0,0.7295689999999999,360636.07437429833
4361.0,0.785374,388429.39749726333
4362.0,0.775315,383659.8161407434
4363.0,0.719413,356187.55882499943
4364.0,0.743045,368084.64238669665
4365.0,0.803435,398212.8094004814
4366.0,0.779501,386556.36944627017
4367.0,0.736367,365360.78644163726
4368.0,0.767039,380781.904682618
4369.0,0.7859970000000001,390400.85952747427
4370.0,0.742822,369152.1794012143
4371.0,0.714383,355207.70209076273
4372.0,0.722402,359385.5144018201
4373.0,0.726061,361397.2848828433
4374.0,0.701088,349151.7628864294
4375.0,0.682513,340080.9813001049
4376.0,0.702004,349977.8010223931
4377.0,0.734863,366552.8237461884
4378.0,0.762458,380517.9716430799
4379.0,0.7814949999999999,390224.2850954835
4380.0,0.778551,388958.96176852233
4381.0,0.774702,387239.63431691093
4382.0,0.7601760000000001,380178.4279288463
4383.0,0.733881,367220.5158526215
4384.0,0.733201,367072.7120799918
4385.0,0.736962,369148.9950777838
4386.0,0.745478,373610.2260945891
4387.0,0.7595729999999999,380873.3223914195
4388.0,0.781084,391864.27660386695
4389.0,0.779113,391079.5118167486
4390.0,0.757799,380579.251375695
4391.0,0.757151,380451.96463639813
4392.0,0.768975,386594.4260035727
4393.0,0.769063,386839.7613711489
4394.0,0.751204,378052.9994375707
4395.0,0.740326,372771.9205518002
4396.0,0.758057,381897.86514160596
4397.0,0.790213,398303.8490152586
4398.0,0.801187,404044.29422423226
4399.0,0.784634,395901.1334449806
4400.0,0.779621,393574.9735543157
4401.0,0.818099,413212.9453229046
4402.0,0.8559690000000001,432563.6202443916
4403.0,0.8496370000000001,429584.9486689489
4404.0,0.825092,417389.46989305265
4405.0,0.822693,416389.88756954105
4406.0,0.8429639999999999,426868.8329312322
4407.0,0.8607450000000001,436096.66201092966
4408.0,0.86556,438761.03783991415
4409.0,0.863453,437917.1873472351
4410.0,0.874584,443789.4923763886
4411.0,0.901307,457583.3559595477
4412.0,0.920273,467450.8264555806
4413.0,0.9140729999999999,464538.48334682686
4414.0,0.886036,450519.4433291175
4415.0,0.8528040000000001,433842.94856062456
4416.0,0.844576,429875.78618201666
4417.0,0.852201,433977.2951083716
4418.0,0.869909,443219.95463161677
4419.0,0.9100729999999999,463918.84278901765
4420.0,0.935514,477129.38595464424
4421.0,0.922344,470650.6715765643
4422.0,0.912222,465721.159113912
4423.0,0.932075,476097.33432122174
4424.0,0.94586,483382.58873571036
4425.0,0.9337030000000001,477410.47272453265
4426.0,0.914956,468060.7583432821
4427.0,0.9030610000000001,462208.2954123029
4428.0,0.915384,468751.18991698825
4429.0,0.931544,477266.1661853863
4430.0,0.9300149999999999,476722.0378176005
4431.0,0.939751,481954.3057548373
4432.0,0.957569,491338.42620827525
4433.0,0.95704,491312.84525510203
4434.0,0.935315,480400.1090748222
4435.0,0.9107649999999999,468024.3966227223
4436.0,0.921091,473567.02272969444
4437.0,0.9556530000000001,491581.67813647864
4438.0,0.971937,500207.17329363624
4439.0,0.963995,496366.78741947067
4440.0,0.9481930000000001,488473.04612238874
4441.0,0.930318,479502.64072329545
4442.0,0.912267,470432.2189358616
4443.0,0.9011,464904.11456739454
4444.0,0.9083110000000001,468856.64456099033
4445.0,0.9376459999999999,484238.4849534965
4446.0,0.956568,494254.8446635168
4447.0,0.948535,490346.33244836546
4448.0,0.939099,485707.96756017965
4449.0,0.9382860000000001,485526.7470055101
4450.0,0.9335620000000001,483320.2123114777
4451.0,0.939535,486651.89502293814
4452.0,0.954987,494898.7698206285
4453.0,0.955714,495518.77799045836
4454.0,0.938826,487001.5322998112
4455.0,0.927216,481214.80710255256
4456.0,0.9392790000000001,487714.1091398036
4457.0,0.95636,496826.26629304443
4458.0,0.960844,499399.6820378458
4459.0,0.954155,496165.24519377644
4460.0,0.9478049999999999,493103.66704617656
4461.0,0.934616,486478.97166579135
4462.0,0.927891,483213.7057805625
4463.0,0.940378,489954.7359812968
4464.0,0.946025,493136.4770510208
4465.0,0.9471129999999999,493943.32996007777
4466.0,0.9512719999999999,496353.00038568996
4467.0,0.9443590000000001,492984.7320629066
4468.0,0.9210459999999999,481047.4005544818
4469.0,0.9084110000000001,474677.8205877015
4470.0,0.920425,481187.9725373158
4471.0,0.9373739999999999,490285.2873549734
4472.0,0.954292,499374.81953115447
4473.0,0.9630540000000001,504202.73097844457
4474.0,0.964572,505240.55279552157
4475.0,0.9632729999999999,504802.7750307567
4476.0,0.962118,504439.7255418416
4477.0,0.967825,507675.46014429553
4478.0,0.9768899999999999,512676.2421244672
4479.0,0.981447,515314.51240959694
4480.0,0.977816,513653.73897772754
4481.0,0.9605969999999999,504849.73577440914
4482.0,0.939102,493788.6074578745
4483.0,0.945944,497623.5447177923
4484.0,0.96835,509653.30429762014
4485.0,0.9778290000000001,514887.31792345515
4486.0,0.975542,513927.489879403
4487.0,0.970051,511277.6878600115
4488.0,0.963942,508299.1381048128
4489.0,0.955722,504203.7268966706
4490.0,0.95519,504161.9145783326
4491.0,0.9652059999999999,509689.729186481
4492.0,0.971258,513128.1980228887
4493.0,0.9652850000000001,510213.6044371279
4494.0,0.949707,502216.66863603075
4495.0,0.942838,498819.44037802087
4496.0,0.9499620000000001,502825.3184946671
4497.0,0.959675,508205.6621397025
4498.0,0.96704,512346.7348683579
4499.0,0.968158,513180.0824984649
4500.0,0.954543,506200.8536229848
4501.0,0.9321959999999999,494581.92029944184
4502.0,0.93891,498377.46257885866
4503.0,0.9667889999999999,513415.9570281691
4504.0,0.981463,521452.35062589677
4505.0,0.9822559999999999,522117.47296069807
4506.0,0.977605,519887.76201854664
4507.0,0.973375,517879.61359500996
4508.0,0.9717790000000001,517271.3070925504
4509.0,0.977456,520535.25843265635
4510.0,0.9821540000000001,523280.2999064322
4511.0,0.976433,520473.84361510334
4512.0,0.9709030000000001,517766.29192317213
4513.0,0.9699629999999999,517504.7889525603
4514.0,0.965733,515486.5721207341
4515.0,0.960519,512940.6646728317
4516.0,0.963794,514927.49166114343
4517.0,0.965576,516117.7789309907
4518.0,0.9628030000000001,514872.9714812038
4519.0,0.967253,517491.0610742288
4520.0,0.9710850000000001,519780.4331631495
4521.0,0.965844,517212.9465152094
4522.0,0.949851,508882.3777882659
4523.0,0.945023,506528.2118716942
4524.0,0.955799,512539.0646843428
4525.0,0.963397,516850.1376762605
4526.0,0.967023,519032.91954476555
4527.0,0.9570489999999999,513914.4563493864
4528.0,0.93885,504372.3138402984
4529.0,0.937011,503614.11419836746
4530.0,0.9490190000000001,510300.6176261052
4531.0,0.952392,512347.6114083849
4532.0,0.9438549999999999,507986.132146492
4533.0,0.9146989999999999,492518.0896403607
4534.0,0.8951110000000001,482189.8794021604
4535.0,0.9148120000000001,493026.2834991789
4536.0,0.9460729999999999,510105.1395926323
4537.0,0.9720190000000001,524332.0985922229
4538.0,0.984358,531228.3147512289
4539.0,0.984972,531799.9382458118
4540.0,0.979316,528984.9479782219
4541.0,0.970944,524699.3460791231
4542.0,0.972159,525592.7030900173
4543.0,0.977712,528832.9009562813
4544.0,0.972416,526204.9410907435
4545.0,0.96793,524012.7943083745
4546.0,0.975142,528154.1868801042
4547.0,0.978383,530147.230953962
4548.0,0.95542,517936.4461364796
4549.0,0.910065,493570.17863865313
4550.0,0.901867,489342.75371935277
4551.0,0.938817,509618.97184066445
4552.0,0.9567260000000001,519572.32004152075
4553.0,0.9444020000000001,513108.16591769044
4554.0,0.929848,505425.79071528435
4555.0,0.9379790000000001,510072.3409010314
4556.0,0.956354,520295.85983145074
4557.0,0.973223,529708.4482558348
4558.0,0.9801209999999999,533699.6104881336
4559.0,0.979858,533792.9110465264
4560.0,0.9804069999999999,534328.5039528034
4561.0,0.981719,535280.2594350061
4562.0,0.973598,531086.9237652528
4563.0,0.9516540000000001,519345.9266386518
4564.0,0.943892,515337.19242198206
4565.0,0.9642069999999999,526660.5693004011
4566.0,0.983799,537598.5098397182
4567.0,0.9906860000000001,541600.0223069834
4568.0,0.990273,541612.1115385992
4569.0,0.986574,539825.8662404559
4570.0,0.971067,531573.8747187946
4571.0,0.9390430000000001,514268.7498013347
4572.0,0.9269,507840.7812380999
4573.0,0.9546479999999999,523272.3753206673
4574.0,0.9800479999999999,537429.562089879
4575.0,0.9830780000000001,539326.3765104138
4576.0,0.9781350000000001,536848.5386990118
4577.0,0.9782549999999999,537148.2431097676
4578.0,0.982936,539953.3582131218
4579.0,0.983453,540472.1890236716
4580.0,0.9790280000000001,538274.0045218188
4581.0,0.9779709999999999,537926.125673904
4582.0,0.9752280000000001,536649.8405583381
4583.0,0.9615020000000001,529325.7630425218
4584.0,0.9560219999999999,526536.5697479594
4585.0,0.968881,533849.3540626339
4586.0,0.9804379999999999,540450.4244288245
4587.0,0.984908,543148.585132923
4588.0,0.9813440000000001,541416.3114610891
4589.0,0.969037,534856.5479870897
4590.0,0.961621,530991.5448560647
4591.0,0.968483,535010.3634997458
4592.0,0.9727520000000001,537599.2670553074
4593.0,0.975348,539265.0729752991
4594.0,0.983109,543788.9065645649
4595.0,0.9890209999999999,547293.1071970084
4596.0,0.9911620000000001,548712.3305938677
4597.0,0.9910389999999999,548878.5388834651
4598.0,0.990825,548994.1373371045
4599.0,0.990296,548934.8951334555
4600.0,0.9862200000000001,546908.2836981214
4601.0,0.979757,543555.3446496415
4602.0,0.970608,538708.439780555
4603.0,0.9658180000000001,536277.4603136312
4604.0,0.975139,541682.6547894492
4605.0,0.984633,547188.250103563
4606.0,0.98711,548796.9880425545
4607.0,0.987936,549488.4766019641
4608.0,0.989757,550733.8737700549
4609.0,0.990999,551657.6842933912
4610.0,0.990042,551357.3169111626
4611.0,0.9880969999999999,550505.9171526656
4612.0,0.9877670000000001,550553.6296755872
4613.0,0.9879290000000001,550875.3985486309
4614.0,0.988959,551681.3174717558
4615.0,0.98851,551662.1949605657
4616.0,0.9847959999999999,549819.8539465029
4617.0,0.983848,549520.5724334442
4618.0,0.9833629999999999,549479.4299332459
4619.0,0.9820030000000001,548948.7966681769
4620.0,0.983757,550158.8791270057
4621.0,0.987191,552309.5682564273
4622.0,0.989762,553978.6981457737
4623.0,0.991024,554915.930073087
4624.0,0.9907229999999999,554978.0641897273
4625.0,0.988334,553869.7948355547
4626.0,0.986625,553141.5169864449
4627.0,0.984775,552333.229369021
4628.0,0.9758319999999999,547544.0336667132
4629.0,0.9640040000000001,541131.0962864334
4630.0,0.968814,544055.9244029043
4631.0,0.982915,552202.5464090257
4632.0,0.9870530000000001,554756.0430695913
4633.0,0.985253,553972.599277319
4634.0,0.984187,553601.0614480358
4635.0,0.982543,552903.6416546123
4636.0,0.9800979999999999,551754.3995902148
4637.0,0.980614,552271.4994008989
4638.0,0.9843129999999999,554582.0729548701
4639.0,0.987641,556685.1074918302
4640.0,0.989701,558074.5425748674
4641.0,0.9913780000000001,559248.7393426718
4642.0,0.9909600000000001,559241.2770370215
4643.0,0.990281,559086.1348641497
4644.0,0.989223,558716.4859240185
4645.0,0.9839399999999999,555958.950495782
4646.0,0.9770840000000001,552309.6934015759
4647.0,0.976749,552344.7329864474
4648.0,0.981234,555106.2696392917
4649.0,0.985418,557699.3809533885
4650.0,0.9861540000000001,558342.0849827538
4651.0,0.9815440000000001,555956.9616987546
4652.0,0.9771639999999999,553699.9199410969
4653.0,0.976518,553557.4271878424
4654.0,0.973994,552349.497344576
4655.0,0.971208,550991.641305168
4656.0,0.969255,550105.1527239217
4657.0,0.9695360000000001,550486.0674161843
4658.0,0.9775520000000001,555260.5458295367
4659.0,0.986641,560648.2705094601
4660.0,0.990203,562898.0874093851
4661.0,0.989419,562677.8438904722
4662.0,0.987084,561574.7091142567
4663.0,0.985927,561140.8361310771
4664.0,0.9872120000000001,562096.7232994937
4665.0,0.987555,562516.4921439078
4666.0,0.982425,559817.5895352693
4667.0,0.9745540000000001,555553.6900382539
4668.0,0.9723450000000001,554515.0458579905
4669.0,0.9749969999999999,556248.5308556514
4670.0,0.97508,556516.8547779347
4671.0,0.9777610000000001,558268.4531823113
4672.0,0.982505,561199.5021167964
4673.0,0.9833729999999999,561917.7446282922
4674.0,0.983418,562165.7815101824
4675.0,0.9830200000000001,562160.3653925791
4676.0,0.981791,561679.2226608719
4677.0,0.9797379999999999,560725.7971037151
4678.0,0.97651,559098.5674267178
4679.0,0.974859,558373.0115000815
4680.0,0.975224,558801.7425269112
4681.0,0.973671,558131.0615106855
4682.0,0.971161,556910.7576862682
4683.0,0.9739190000000001,558711.3022648934
4684.0,0.977632,561061.0254227977
4685.0,0.980693,563037.9544211702
4686.0,0.983994,565153.9661884642
4687.0,0.985598,566296.2763790821
4688.0,0.986526,567050.6085311956
4689.0,0.9864209999999999,567211.2256985883
4690.0,0.984208,566159.0471186822
4691.0,0.981408,564767.9432136278
4692.0,0.980952,564724.8703083892
4693.0,0.9811840000000001,565077.6871589634
4694.0,0.9799549999999999,564588.7355451742
4695.0,0.9785010000000001,563969.4187914041
4696.0,0.97596,562722.5716961059
4697.0,0.973815,561702.8720174691
4698.0,0.9763290000000001,563370.4614090959
4699.0,0.9813729999999999,566499.4830320256
4700.0,0.984467,568504.538988813
4701.0,0.9827239999999999,567716.5156722752
4702.0,0.9744010000000001,563124.874286517
4703.0,0.967527,559367.126571365
4704.0,0.9723629999999999,562378.8238963849
4705.0,0.979358,566641.6971179072
4706.0,0.9796030000000001,567000.5926992454
4707.0,0.974972,564536.1203354307
4708.0,0.9702139999999999,561995.8969319515
4709.0,0.970081,562133.4846822533
4710.0,0.974601,564968.1847683663
4711.0,0.978253,567301.3834412766
4712.0,0.977859,567288.8392163686
4713.0,0.971774,563973.1889911351
4714.0,0.962622,558874.0957125097
4715.0,0.9631649999999999,559401.642632806
4716.0,0.9753809999999999,566711.4888871056
4717.0,0.984582,572274.1539659047
4718.0,0.986778,573767.6348430624
4719.0,0.9863850000000001,573755.986331716
4720.0,0.985936,573711.4414993395
4721.0,0.984347,573002.9511346336
4722.0,0.9824440000000001,572110.7729715324
4723.0,0.9841530000000001,573321.8062124064
4724.0,0.98762,575557.9658490914
4725.0,0.989176,576681.4096382952
4726.0,0.988132,576289.0491386752
4727.0,0.9860540000000001,575292.8278067942
4728.0,0.9851129999999999,574959.1675965431
4729.0,0.9856659999999999,575497.2548057117
4730.0,0.985424,575571.0983800867
4731.0,0.982418,574029.6852686771
4732.0,0.9789950000000001,572243.078170968
4733.0,0.9758540000000001,570619.7381573033
4734.0,0.973806,569634.2506504497
4735.0,0.971197,568319.452335547
4736.0,0.964084,564366.7785045477
4737.0,0.965468,565386.796730149
4738.0,0.979669,573915.816029909
4739.0,0.9895440000000001,579915.641513304
4740.0,0.990763,580844.9451625203
4741.0,0.989416,580269.7384231309
4742.0,0.989123,580312.1840585562
4743.0,0.9899709999999999,581024.0283441807
4744.0,0.991266,581998.5461565991
4745.0,0.9932350000000001,583369.3538403991
4746.0,0.995099,584679.1794037558
4747.0,0.9962620000000001,585577.6402039254
4748.0,0.996235,585776.7542156097
4749.0,0.9947790000000001,585135.1697312931
4750.0,0.993265,584458.688968048
4751.0,0.992288,584097.5140853818
4752.0,0.9918620000000001,584060.2363514557
4753.0,0.9909959999999999,583763.445880176
4754.0,0.9898899999999999,583324.7155435643
4755.0,0.991718,584614.9550197412
4756.0,0.993777,586042.0631489583
4757.0,0.994509,586687.082500242
4758.0,0.9952799999999999,587355.2909548128
4759.0,0.995394,587635.8261449953
4760.0,0.9933709999999999,586654.223423371
4761.0,0.987915,583643.4561203403
4762.0,0.9799200000000001,579129.674116831
4763.0,0.973937,575801.8513921916
4764.0,0.9744139999999999,576291.934669475
4765.0,0.9817790000000001,580857.2829532776
4766.0,0.989296,585515.5959693652
4767.0,0.9932040000000001,588040.2154713024
4768.0,0.994807,589201.1613804919
4769.0,0.9952540000000001,589677.7309130381
4770.0,0.9939600000000001,589122.4548457196
4771.0,0.989708,586812.6453412389
4772.0,0.98434,583838.9585567927
4773.0,0.9837469999999999,583696.049165877
4774.0,0.988877,586949.645108341
4775.0,0.991665,588814.681845725
4776.0,0.9921280000000001,589299.7663538598
4777.0,0.994189,590734.4173548562
4778.0,0.9935860000000001,590586.3211445101
4779.0,0.986095,586342.1536659596
4780.0,0.979477,582613.9589284286
4781.0,0.983678,585320.4873686751
4782.0,0.987563,587840.552332815
4783.0,0.984115,585995.6482886879
4784.0,0.984345,586340.007197931
4785.0,0.989661,589714.9468134001
4786.0,0.990928,590678.4308182668
4787.0,0.9894200000000001,589987.5842946103
4788.0,0.987668,589150.415337016
4789.0,0.9853790000000001,587991.9328958151
4790.0,0.9874790000000001,589452.2589336565
4791.0,0.9917790000000001,592227.0247147199
4792.0,0.992241,592710.8394246574
4793.0,0.9908520000000001,592088.6318254153
4794.0,0.990265,591945.108362491
4795.0,0.9905719999999999,592335.7863343151
4796.0,0.990491,592494.356543867
4797.0,0.987869,591132.2391991324
4798.0,0.983058,588458.5505287733
4799.0,0.983416,588877.9556316991
4800.0,0.989416,592677.0235879235
4801.0,0.9933280000000001,595227.2679832657
4802.0,0.9933709999999999,595459.7914931561
4803.0,0.988434,592705.9765940338
4804.0,0.976442,585718.0306865242
4805.0,0.9677899999999999,580729.1521072093
4806.0,0.9739459999999999,584625.2596497367
4807.0,0.984037,590886.6397157918
4808.0,0.9900700000000001,594714.5072864256
4809.0,0.9921200000000001,596151.4028077814
4810.0,0.990825,595578.347881303
4811.0,0.989133,594765.898936585
4812.0,0.988922,594843.4403314003
4813.0,0.988092,594548.292172441
4814.0,0.9842049999999999,592412.590442041
4815.0,0.982992,591885.2289105539
4816.0,0.987701,594924.2381957731
4817.0,0.990876,597040.7527274351
4818.0,0.9906959999999999,597136.2260338761
4819.0,0.989923,596873.9338374732
4820.0,0.9900969999999999,597182.3698376581
4821.0,0.9891030000000001,596786.0097563532
4822.0,0.98274,593148.5530124843
4823.0,0.972585,587218.8432435631
4824.0,0.9692149999999999,585382.8076932526
4825.0,0.9764010000000001,589922.9869910224
4826.0,0.9834209999999999,594365.6408518017
4827.0,0.9860209999999999,596138.7371202072
4828.0,0.986376,596554.9907763791
4829.0,0.986658,596927.0827236838
4830.0,0.9870969999999999,597394.1647878248
4831.0,0.985124,596401.0421061051
4832.0,0.982391,594946.708743996
4833.0,0.9812709999999999,594468.2991579515
4834.0,0.9813850000000001,594737.118576974
4835.0,0.9821780000000001,595417.467487645
4836.0,0.9844860000000001,597016.730983026
4837.0,0.9870760000000001,598787.8596165782
4838.0,0.9859040000000001,598276.9999605982
4839.0,0.980543,595222.6583843573
4840.0,0.9771299999999999,593348.8980245065
4841.0,0.9775870000000001,593824.402421195
4842.0,0.978057,594307.8502137911
4843.0,0.9785010000000001,594775.5431635753
4844.0,0.9822379999999999,597245.5688730266
4845.0,0.9844219999999999,598772.3542374958
4846.0,0.9820030000000001,597499.1865254539
4847.0,0.98062,596855.4635657842
4848.0,0.980211,596804.0638581398
4849.0,0.9806159999999999,597248.1277669821
4850.0,0.982988,598890.6181886746
4851.0,0.981342,598085.1252437478
4852.0,0.978035,596266.1879215098
4853.0,0.978248,596592.4811940137
4854.0,0.9768129999999999,595913.3416864538
4855.0,0.973088,593835.991469036
4856.0,0.97283,593873.470854309
4857.0,0.9732559999999999,594328.3975176855
4858.0,0.9657629999999999,589945.9538187123
4859.0,0.933322,570315.650575155
4860.0,0.8517790000000001,520658.1711598292
4861.0,0.765443,468037.2724129343
4862.0,0.7949609999999999,486244.92552929436
4863.0,0.899167,550162.7022960513
4864.0,0.9588770000000001,586887.7755190877
4865.0,0.973234,595868.8229710932
4866.0,0.9751129999999999,597213.2248279719
4867.0,0.9777309999999999,599010.9840793522
4868.0,0.982201,601944.6454317067
4869.0,0.984073,603287.2322320994
4870.0,0.9732,596814.5525013681
4871.0,0.951571,583739.175069141
4872.0,0.947602,581492.0755803243
4873.0,0.967081,593636.6764793155
4874.0,0.98087,602294.9478050882
4875.0,0.981663,602975.8762767637
4876.0,0.980457,602428.7166888335
4877.0,0.9771139999999999,600567.465813246
4878.0,0.971397,597245.1450344643
4879.0,0.976036,600289.6614414082
4880.0,0.985333,606201.5819633775
4881.0,0.985332,606394.8267636711
4882.0,0.9801780000000001,603415.6462016491
4883.0,0.9743209999999999,600001.3795132458
4884.0,0.9718,598639.684141703
4885.0,0.97721,602163.9986728906
4886.0,0.9817870000000001,605176.8288125996
4887.0,0.9830209999999999,606130.0185537005
4888.0,0.982807,606190.4294155148
4889.0,0.976844,602703.5347906976
4890.0,0.958492,591567.8489654085
4891.0,0.941916,581521.3221895279
4892.0,0.9561360000000001,590487.0705896452
4893.0,0.982125,606728.7798334076
4894.0,0.9931139999999999,613710.9835670609
4895.0,0.9949979999999999,615068.9676378333
4896.0,0.995296,615446.8282636397
4897.0,0.994757,615306.9335010999
4898.0,0.991885,613723.1539616666
4899.0,0.984246,609187.6351230894
4900.0,0.977463,605178.9854211112
4901.0,0.9807389999999999,607397.3650278412
4902.0,0.9836309999999999,609378.9755796675
4903.0,0.9799899999999999,607312.9747143275
4904.0,0.9809709999999999,608110.6315236439
4905.0,0.9871840000000001,612152.8882717848
4906.0,0.9904799999999999,614388.0062420001
4907.0,0.9899379999999999,614242.8263461002
4908.0,0.9883040000000001,613419.5115124687
4909.0,0.985215,611692.0543696161
4910.0,0.9804120000000001,608898.7596321525
4911.0,0.978251,607744.8329252267
4912.0,0.981418,609901.0113583929
4913.0,0.985381,612553.0897799912
4914.0,0.9888879999999999,614922.9904732778
4915.0,0.9930690000000001,617713.337096859
4916.0,0.9947090000000001,618924.0904054572
4917.0,0.990309,616375.984063592
4918.0,0.975992,607651.7333030287
4919.0,0.956098,595448.561288158
4920.0,0.944832,588612.7278788618
4921.0,0.952809,593764.1572175411
4922.0,0.9682459999999999,603568.7803842705
4923.0,0.962424,600123.0220443209
4924.0,0.9526040000000001,594181.1751166905
4925.0,0.9679200000000001,603918.6665791246
4926.0,0.9862879999999999,615566.6730181773
4927.0,0.9913049999999999,618886.2935123857
4928.0,0.9921479999999999,619600.992937663
4929.0,0.9934290000000001,620589.4834071359
4930.0,0.9925510000000001,620229.1900495668
4931.0,0.989677,618620.7721554465
4932.0,0.981524,613710.3590308209
4933.0,0.9564360000000001,598204.6891175298
4934.0,0.9346059999999999,584727.7295454537
4935.0,0.95045,594819.894300501
4936.0,0.973499,609428.3656457207
4937.0,0.977403,612056.6567139856
4938.0,0.96841,606607.6539079914
4939.0,0.9588840000000001,600821.1523679208
4940.0,0.9640799999999999,604258.2606486114
4941.0,0.978439,613442.0156328689
4942.0,0.9887670000000001,620102.9913579527
4943.0,0.9937790000000001,623432.7856339293
4944.0,0.995791,624881.7460898903
4945.0,0.99556,624923.360637054
4946.0,0.994009,624135.9178513794
4947.0,0.9946209999999999,624706.2960921465
4948.0,0.996458,626046.3903598371
4949.0,0.996236,626093.0290596195
4950.0,0.9947,625313.3989869044
4951.0,0.9946950000000001,625495.7912545108
4952.0,0.9963059999999999,626694.5291005869
4953.0,0.997425,627584.1525874407
4954.0,0.9972219999999999,627641.9922669225
4955.0,0.9927540000000001,625014.4669228853
4956.0,0.972699,612569.0321468167
4957.0,0.9407,592591.9088291198
4958.0,0.9412729999999999,593127.4735485297
4959.0,0.9731270000000001,613380.1108049965
4960.0,0.9920770000000001,625508.3870607931
4961.0,0.9959040000000001,628105.6255781318
4962.0,0.9966450000000001,628757.2571528164
4963.0,0.997167,629270.8145525459
4964.0,0.996166,628823.0349841026
4965.0,0.9926149999999999,626764.5991166811
4966.0,0.990369,625528.9616234776
4967.0,0.9923290000000001,626949.6858719204
4968.0,0.994634,628589.0192896882
4969.0,0.995036,629026.0464046764
4970.0,0.9942,628680.2285531601
4971.0,0.9943799999999999,628976.6095502455
4972.0,0.99559,629924.6068967099
4973.0,0.995928,630321.0145576455
4974.0,0.9955280000000001,630250.1857675354
4975.0,0.995498,630413.3720744825
4976.0,0.996179,631026.7821037864
4977.0,0.9965700000000001,631456.5420536749
4978.0,0.9950450000000001,630671.9137339831
4979.0,0.992007,628927.3483736404
4980.0,0.9866870000000001,625734.337102063
4981.0,0.974831,618393.0701634642
4982.0,0.965988,612959.2159748926
4983.0,0.970248,615838.7789589937
4984.0,0.9779450000000001,620901.9154557416
4985.0,0.9832059999999999,624420.633686186
4986.0,0.987821,627530.7337864235
4987.0,0.9918899999999999,630295.4070757035
4988.0,0.9930969999999999,631242.2358249194
4989.0,0.991614,630479.0241177267
4990.0,0.9839700000000001,625796.7850701385
4991.0,0.975722,620727.3902924497
4992.0,0.9785,622671.3001543061
4993.0,0.9800989999999999,623865.595884314
4994.0,0.976773,621924.5102498633
4995.0,0.9826540000000001,625845.9612841074
4996.0,0.990402,630958.8009039437
4997.0,0.991735,631986.3023861026
4998.0,0.9881030000000001,629849.2830832363
4999.0,0.979814,624741.4537190532
5000.0,0.9772620000000001,623289.5166361191
5001.0,0.9811350000000001,625935.4832633883
5002.0,0.9844440000000001,628222.7763785969
5003.0,0.988662,631091.3497965805
5004.0,0.9878680000000001,630761.086803137
5005.0,0.9740719999999999,622126.1986862794
5006.0,0.9592719999999999,612844.8216058583
5007.0,0.963073,615444.8585478097
5008.0,0.97895,625765.3406901603
5009.0,0.9883959999999999,631979.3587683237
5010.0,0.986873,631181.0748848144
5011.0,0.974475,623424.7739419107
5012.0,0.959463,613991.1424983549
5013.0,0.9564219999999999,612214.791548137
5014.0,0.959433,614312.2366226672
5015.0,0.9700989999999999,621313.3584205474
5016.0,0.979625,627587.7835783331
5017.0,0.970218,621732.8339142062
5018.0,0.9499489999999999,608911.9354444693
5019.0,0.9532010000000001,611164.7180512261
5020.0,0.974482,624981.3576762087
5021.0,0.9844379999999999,631540.1043410215
5022.0,0.983614,631184.6922985204
5023.0,0.984035,631627.9803648958
5024.0,0.987007,633709.1445116351
5025.0,0.988297,634710.9820351118
5026.0,0.98929,635522.3334595219
5027.0,0.990086,636207.2997537414
5028.0,0.990605,636714.3566874062
5029.0,0.989656,636277.6310899208
5030.0,0.983742,632647.4212676218
5031.0,0.98009,630470.0928583057
5032.0,0.9856,634186.6547610883
5033.0,0.9901780000000001,637305.1347341812
5034.0,0.988751,636559.0396582233
5035.0,0.985326,634525.6389207962
5036.0,0.983592,633580.1570213839
5037.0,0.984234,634164.8389802608
5038.0,0.9839610000000001,634159.8843914014
5039.0,0.979389,631383.2513163771
5040.0,0.96441,621893.9959365589
5041.0,0.947212,610968.1114972675
5042.0,0.9533309999999999,615080.0347422796
5043.0,0.976082,629927.6200054444
5044.0,0.9878899999999999,637718.8263555139
5045.0,0.989743,639085.9346008223
5046.0,0.990842,639966.5421203752
5047.0,0.990958,640212.3117605356
5048.0,0.9859629999999999,637155.1133288534
5049.0,0.9748319999999999,630129.7495258157
5050.0,0.9654950000000001,624260.3592509998
5051.0,0.9606549999999999,621296.0159932777
5052.0,0.9629,622913.2526663793
5053.0,0.976776,632057.36677671
5054.0,0.9886440000000001,639906.4036667164
5055.0,0.990743,641434.6379677
5056.0,0.988584,640205.9684413592
5057.0,0.9895280000000001,640986.4448304846
5058.0,0.9907459999999999,641944.6337583271
5059.0,0.988244,640492.1184799211
5060.0,0.986722,639673.9202663237
5061.0,0.9887370000000001,641148.6331809767
5062.0,0.988933,641444.0425647086
5063.0,0.9845799999999999,638788.0163315873
5064.0,0.9778979999999999,634618.932046387
5065.0,0.9767399999999999,634033.2395573492
5066.0,0.981771,637465.5381486977
5067.0,0.9831629999999999,638535.9725458939
5068.0,0.980728,637120.5597426487
5069.0,0.978824,636049.2271569178
5070.0,0.98125,637791.513861727
5071.0,0.985582,640773.6568270474
5072.0,0.98593,641166.2572856542
5073.0,0.9838709999999999,639993.1130086909
5074.0,0.9838600000000001,640151.6676752497
5075.0,0.9845299999999999,640753.2831374439
5076.0,0.9840270000000001,640591.368134075
5077.0,0.9833040000000001,640285.8844309367
5078.0,0.979245,637807.191373124
5079.0,0.96693,629948.2647586399
5080.0,0.960731,626070.6240414091
5081.0,0.969191,631745.913400485
5082.0,0.971217,633228.9531325239
5083.0,0.963568,628402.855625742
5084.0,0.968092,631514.8666845589
5085.0,0.979083,638847.9380341915
5086.0,0.980142,639702.282793335
5087.0,0.976925,637765.3376188057
5088.0,0.977992,638624.6114488301
5089.0,0.9804299999999999,640379.5811633295
5090.0,0.982766,642068.5771557979
5091.0,0.983719,642854.4218212256
5092.0,0.98255,642253.3717783851
5093.0,0.9830700000000001,642756.1006726142
5094.0,0.983273,643051.5418866745
5095.0,0.981059,641765.8099784602
5096.0,0.979642,641000.6959676088
5097.0,0.976699,639236.2235158861
5098.0,0.971909,636261.4953013891
5099.0,0.972269,636657.3476815155
5100.0,0.976459,639561.7513762758
5101.0,0.97959,641773.5913774169
5102.0,0.981915,643458.1371231724
5103.0,0.9815280000000001,643365.6576871941
5104.0,0.9803209999999999,642735.2839526645
5105.0,0.977658,641149.5232771471
5106.0,0.967571,634692.8610421702
5107.0,0.952558,625000.6649763281
5108.0,0.950108,623548.4178275312
5109.0,0.9551040000000001,626983.197497844
5110.0,0.949528,623477.6960265385
5111.0,0.9532950000000001,626106.5462555137
5112.0,0.97004,637262.3074487398
5113.0,0.978975,643291.3706807831
5114.0,0.97949,643788.9858375455
5115.0,0.979189,643750.1597206247
5116.0,0.978456,643427.0111158247
5117.0,0.9783930000000001,643544.177547406
5118.0,0.9790629999999999,644143.4337165033
5119.0,0.9785209999999999,643945.1697236011
5120.0,0.977693,643558.3293386642
5121.0,0.9758399999999999,642496.2142416886
5122.0,0.9707030000000001,639270.6311904115
5123.0,0.9608620000000001,632944.6020681326
5124.0,0.957362,630793.2617582757
5125.0,0.9626969999999999,634463.3410182752
5126.0,0.96236,634395.9639092265
5127.0,0.9538110000000001,628913.5970944485
5128.0,0.9453469999999999,623484.4049188038
5129.0,0.9448059999999999,623279.0823673386
5130.0,0.957334,631697.029747717
5131.0,0.971016,640880.4999603328
5132.0,0.975433,643951.7284682798
5133.0,0.9745659999999999,643535.042373876
5134.0,0.974493,643642.3647974381
5135.0,0.977324,645668.0451620527
5136.0,0.976827,645495.3145111813
5137.0,0.9718559999999999,642365.1139702705
5138.0,0.962219,636148.373275372
5139.0,0.9496459999999999,627986.894354992
5140.0,0.952348,629924.8395920428
5141.0,0.962313,636668.7214270604
5142.0,0.959619,635038.3887253458
5143.0,0.9577889999999999,633978.9600857453
5144.0,0.966723,640045.4124443237
5145.0,0.9733280000000001,644572.200810913
5146.0,0.974031,645191.4876530478
5147.0,0.97339,644920.3848938233
5148.0,0.9729620000000001,644790.0940151142
5149.0,0.9712280000000001,643793.8227375944
5150.0,0.9621930000000001,637956.1320168029
5151.0,0.952408,631618.0747910723
5152.0,0.9541729999999999,632938.3482031815
5153.0,0.957634,635384.3209856736
5154.0,0.9572809999999999,635300.0748518994
5155.0,0.9634889999999999,639570.8158830741
5156.0,0.9712860000000001,644898.3957634815
5157.0,0.973992,646847.2371304042
5158.0,0.9733149999999999,646549.535820257
5159.0,0.9720190000000001,645840.1972693771
5160.0,0.969735,644473.6997405093
5161.0,0.9635309999999999,640500.5558373673
5162.0,0.9531059999999999,633718.803600184
5163.0,0.9387620000000001,624327.324990198
5164.0,0.920406,612262.4355658132
5165.0,0.910221,605628.4067568904
5166.0,0.900633,599388.4025383506
5167.0,0.873296,581330.2533129421
5168.0,0.867556,577643.4148613563
5169.0,0.8983,598252.3934514412
5170.0,0.9380040000000001,624839.3221868048
5171.0,0.940615,626723.6170302056
5172.0,0.9130590000000001,608503.9218948514
5173.0,0.917326,611488.795627478
5174.0,0.957837,638640.6412108465
5175.0,0.987925,658853.6289850927
5176.0,0.996857,664963.3889220221
5177.0,0.998252,666046.956199875
5178.0,0.99875,666532.1770525537
5179.0,0.9989129999999999,666793.7850655195
5180.0,0.9985280000000001,666689.4122380986
5181.0,0.9949459999999999,664449.7392423997
5182.0,0.9758190000000001,651825.1171828685
5183.0,0.938556,627077.3155686773
5184.0,0.930214,621645.4117019608
5185.0,0.9584959999999999,640691.5690556561
5186.0,0.977023,653224.1274816884
5187.0,0.9797790000000001,655215.5033548211
5188.0,0.9683860000000001,647743.4514589083
5189.0,0.9640139999999999,644965.1421191947
5190.0,0.9740479999999999,651825.7566120632
5191.0,0.969026,648611.6236043001
5192.0,0.956421,640319.0501700923
5193.0,0.9601709999999999,642974.5886292714
5194.0,0.967319,647907.0874108474
5195.0,0.968093,648571.3549715689
5196.0,0.9762069999999999,654154.2324276557
5197.0,0.981909,658122.7696234069
5198.0,0.9823569999999999,658570.603696692
5199.0,0.9855860000000001,660883.224088092
5200.0,0.9879600000000001,662623.2219097454
5201.0,0.9872709999999999,662308.9787516667
5202.0,0.9835659999999999,659970.6555514906
5203.0,0.9746379999999999,654125.6779845991
5204.0,0.9539549999999999,640386.7980095012
5205.0,0.936261,628648.555868649
5206.0,0.940583,631690.7330226747
5207.0,0.954153,640946.3470114938
5208.0,0.9528,640179.2084371161
5209.0,0.9565040000000001,642810.0404525489
5210.0,0.971902,653302.4183369537
5211.0,0.9830969999999999,660973.3877849629
5212.0,0.9915459999999999,666800.8860445807
5213.0,0.9960469999999999,669975.1826314331
5214.0,0.9934790000000001,668394.769857453
5215.0,0.982395,661082.7835674975
5216.0,0.9717389999999999,654055.4577534547
5217.0,0.975994,657063.3004077
5218.0,0.988593,665690.8709441745
5219.0,0.9958020000000001,670691.7385780792
5220.0,0.997624,672065.5418132868
5221.0,0.9981270000000001,672550.9755892943
5222.0,0.998344,672843.6590071766
5223.0,0.997717,672567.3147984876
5224.0,0.9932030000000001,669669.8211400857
5225.0,0.974216,657010.2849587876
5226.0,0.9335120000000001,629695.9587980994
5227.0,0.911642,615076.7387968719
5228.0,0.944264,637224.2179176972
5229.0,0.980086,661541.0139245715
5230.0,0.990657,668820.4384872528
5231.0,0.9900760000000001,668572.1435760343
5232.0,0.977986,660550.1405299486
5233.0,0.9657389999999999,652418.4211178982
5234.0,0.9701489999999999,655538.2914224253
5235.0,0.9817950000000001,663549.7757308793
5236.0,0.991649,670353.0994126342
5237.0,0.995857,673341.6257591108
5238.0,0.9961540000000001,673686.2634081962
5239.0,0.9944790000000001,672696.9189297751
5240.0,0.993676,672296.9207548741
5241.0,0.995659,673781.8873607222
5242.0,0.99682,674710.8980984942
5243.0,0.997207,675116.0942136331
5244.0,0.997951,675762.99919245
5245.0,0.997444,675562.6779288077
5246.0,0.9945280000000001,673730.1205210291
5247.0,0.991448,671785.4606275959
5248.0,0.9921209999999999,672383.2704091744
5249.0,0.992168,672556.7843117897
5250.0,0.9886950000000001,670343.5777029089
5251.0,0.989348,670927.2880815165
5252.0,0.993959,674195.7256343177
5253.0,0.995339,675273.3057950079
5254.0,0.9924229999999999,673435.9645687576
5255.0,0.989966,671909.1834731314
5256.0,0.9928819999999999,674029.0830271646
5257.0,0.9968959999999999,676895.2099365207
5258.0,0.9982059999999999,677925.9223070807
5259.0,0.997909,677865.2483062923
5260.0,0.9961450000000001,676807.6264997685
5261.0,0.99025,672942.06756966
5262.0,0.9822219999999999,667624.8843025492
5263.0,0.978208,665034.2134800518
5264.0,0.976366,663919.209991165
5265.0,0.9725739999999999,661477.2926822813
5266.0,0.9677610000000001,658339.6131824163
5267.0,0.970621,660421.2373502575
5268.0,0.9630219999999999,655385.638737661
5269.0,0.922273,627782.8692104565
5270.0,0.9002690000000001,612930.7430838685
5271.0,0.937132,638159.016360783
5272.0,0.97665,665205.7861183683
5273.0,0.9864149999999999,671994.2284151429
5274.0,0.986504,672192.1352718979
5275.0,0.982676,669720.3822251908
5276.0,0.9790540000000001,667387.8464775848
5277.0,0.986701,672737.4213090818
5278.0,0.995649,678976.182127651
5279.0,0.997977,680701.8964068291
5280.0,0.9957229999999999,679302.1783622034
5281.0,0.989784,675387.2034024446
5282.0,0.9838290000000001,671459.5254285524
5283.0,0.980051,669016.1568346698
5284.0,0.981474,670122.7013058171
5285.0,0.990468,676399.8019223672
5286.0,0.99716,681106.8590907463
5287.0,0.9986790000000001,682281.49969933
5288.0,0.998518,682308.4334142165
5289.0,0.998346,682327.6607656626
5290.0,0.99841,682508.0252820976
5291.0,0.9984799999999999,682692.3655664461
5292.0,0.998116,682579.7820695651
5293.0,0.997582,682350.6743961759
5294.0,0.997708,682572.8101483802
5295.0,0.997079,682278.207170696
5296.0,0.9936959999999999,680098.4159521958
5297.0,0.98924,677183.0410648988
5298.0,0.9876790000000001,676248.4752088683
5299.0,0.991267,678839.4818357492
5300.0,0.9948870000000001,681453.2362925912
5301.0,0.9934,680569.0690968912
5302.0,0.99039,678640.7578738026
5303.0,0.9922540000000001,680051.9393081425
5304.0,0.9966700000000001,683212.8653894071
5305.0,0.998174,684378.2827808723
5306.0,0.9962719999999999,683208.2465110264
5307.0,0.9932700000000001,681283.0662388551
5308.0,0.9938,681780.0065714172
5309.0,0.996944,684070.5879974471
5310.0,0.998509,685278.1987332518
5311.0,0.998663,685517.5246970255
5312.0,0.998569,685586.4791111863
5313.0,0.998124,685414.2322351732
5314.0,0.996922,684721.788320316
5315.0,0.991022,680801.4997420055
5316.0,0.978381,672247.741393417
5317.0,0.975672,670516.0989115211
5318.0,0.987519,678788.9243884189
5319.0,0.995293,684264.5630038487
5320.0,0.9964959999999999,685223.6827992917
5321.0,0.996569,685405.803128916
5322.0,0.994741,684280.1060555375
5323.0,0.9865520000000001,678777.22513056
5324.0,0.977059,672374.6774380931
5325.0,0.9802190000000001,674678.4646968504
5326.0,0.981167,675460.1471985615
5327.0,0.95149,655154.8871799295
5328.0,0.915384,630414.1128369159
5329.0,0.933364,642919.2106445169
5330.0,0.975836,672302.6658727105
5331.0,0.9932200000000001,684409.4357749465
5332.0,0.9923930000000001,683969.3699728601
5333.0,0.9900530000000001,682485.9700132811
5334.0,0.9925809999999999,684358.1734958336
5335.0,0.9922040000000001,684227.5954540478
5336.0,0.9836020000000001,678423.7151691287
5337.0,0.979243,675544.5480757257
5338.0,0.986073,680384.4502057327
5339.0,0.9859450000000001,680424.1038746906
5340.0,0.973535,671985.8904215868
5341.0,0.9683459999999999,668529.5768133522
5342.0,0.9812629999999999,677574.1975826886
5343.0,0.994123,686582.6517191172
5344.0,0.996132,688098.7334113654
5345.0,0.991458,684997.9092381337
5346.0,0.9885120000000001,683089.8357474473
5347.0,0.990431,684543.3414917345
5348.0,0.9905780000000001,684772.2412869055
5349.0,0.990777,685036.9908924217
5350.0,0.994007,687397.7142710765
5351.0,0.9970829999999999,689652.6064037426
5352.0,0.9974870000000001,690059.6590918582
5353.0,0.996384,689423.9403543324
5354.0,0.9966010000000001,689701.3084466965
5355.0,0.9979549999999999,690765.5996722367
5356.0,0.9986370000000001,691364.8623841186
5357.0,0.9986860000000001,691525.8445369543
5358.0,0.9986139999999999,691602.8966844876
5359.0,0.9983879999999999,691573.1139946089
5360.0,0.9978520000000001,691328.3585683204
5361.0,0.9963719999999999,690429.1867626313
5362.0,0.99323,688377.6165060549
5363.0,0.9911760000000001,687079.3075649503
5364.0,0.991607,687503.2445736838
5365.0,0.991727,687711.4867297377
5366.0,0.9921760000000001,688147.8039438268
5367.0,0.992002,688151.9178360656
5368.0,0.991908,688211.3529180519
5369.0,0.9882340000000001,685786.2776284056
5370.0,0.971141,674046.3250123445
5371.0,0.9466899999999999,657194.0129764187
5372.0,0.9502219999999999,659764.7983769226
5373.0,0.9787950000000001,679726.1033452505
5374.0,0.995034,691127.4957168984
5375.0,0.9983069999999999,693525.2991959202
5376.0,0.998323,693660.7283702189
5377.0,0.997714,693361.675826308
5378.0,0.997123,693074.841589753
5379.0,0.9951040000000001,691794.9753781114
5380.0,0.9894360000000001,687977.2349047766
5381.0,0.984872,684925.7225888546
5382.0,0.9857530000000001,685660.3203098818
5383.0,0.9863270000000001,686181.4180946158
5384.0,0.989492,688505.3796976479
5385.0,0.9953120000000001,692677.7030750568
5386.0,0.9978440000000001,694562.6627986842
5387.0,0.997899,694723.6506425005
5388.0,0.997317,694440.961731843
5389.0,0.996667,694110.6313508609
5390.0,0.996591,694179.8226905988
5391.0,0.996136,693984.8138608854
5392.0,0.9928,691782.0747547302
5393.0,0.9886510000000001,689011.7830912678
5394.0,0.989093,689440.4638115119
5395.0,0.9870040000000001,688104.5879512724
5396.0,0.9691139999999999,675750.2377536551
5397.0,0.951075,663287.4852476432
5398.0,0.964356,672666.8423526606
5399.0,0.986952,688547.9038219631
5400.0,0.994916,694224.5033561011
5401.0,0.995917,695043.4618572134
5402.0,0.9949610000000001,694496.5088100657
5403.0,0.989139,690552.0619287967
5404.0,0.975435,681102.4244656259
5405.0,0.955201,667088.9551555925
5406.0,0.9505889999999999,663982.3815734984
5407.0,0.972615,679484.2952713982
5408.0,0.987712,690149.8200174894
5409.0,0.9842139999999999,687823.6040488408
5410.0,0.9797969999999999,684854.052936714
5411.0,0.9856,689028.0580306998
5412.0,0.992949,694284.2967925755
5413.0,0.994761,695669.9391323598
5414.0,0.9919100000000001,693794.3246132975
5415.0,0.9889319999999999,691829.0458579
5416.0,0.991246,693565.6831305596
5417.0,0.993776,695453.8896016757
5418.0,0.9906809999999999,693405.4611928572
5419.0,0.988535,692020.5040237713
5420.0,0.9923040000000001,694776.3748633057
5421.0,0.995965,697457.3669321985
5422.0,0.996102,697670.8705041411
5423.0,0.991906,694848.9179917787
5424.0,0.987308,691744.181536639
5425.0,0.989389,693318.5620651402
5426.0,0.99439,696939.8383286254
5427.0,0.9951409999999999,697582.9457332978
5428.0,0.9839829999999999,689876.6154849639
5429.0,0.9586809999999999,672249.4317118884
5430.0,0.9514469999999999,667288.0085795901
5431.0,0.974275,683411.960259324
5432.0,0.988777,693699.801578725
5433.0,0.9800559999999999,687695.5369267884
5434.0,0.9600770000000001,673788.168245285
5435.0,0.959828,673724.9517404155
5436.0,0.98024,688166.3634880822
5437.0,0.9931270000000001,697328.6601101751
5438.0,0.996469,699790.6331995794
5439.0,0.9971059999999999,700353.2861692039
5440.0,0.9970450000000001,700425.6008526785
5441.0,0.996807,700373.3988318534
5442.0,0.9967959999999999,700480.5227437317
5443.0,0.9966200000000001,700471.535008383
5444.0,0.994555,699134.4721077905
5445.0,0.9853770000000001,692795.8098215217
5446.0,0.9633120000000001,677392.8741535542
5447.0,0.9504040000000001,668424.9208386441
5448.0,0.9695469999999999,681999.2097058828
5449.0,0.990649,696955.9643925362
5450.0,0.996898,701466.1035144918
5451.0,0.996901,701581.8264138995
5452.0,0.996159,701173.0228946127
5453.0,0.994373,700028.9458032423
5454.0,0.982398,691710.2101850018
5455.0,0.958359,674892.9429446181
5456.0,0.9545020000000001,672284.8917263929
5457.0,0.977498,688592.2597085733
5458.0,0.993333,699859.3613062724
5459.0,0.9968030000000001,702416.6625533501
5460.0,0.996851,702562.8430826905
5461.0,0.9959,702004.7058547558
5462.0,0.9936440000000001,700526.1817186824
5463.0,0.992102,699550.467750428
5464.0,0.993592,700712.5321436989
5465.0,0.9952350000000001,701982.7100425601
5466.0,0.995451,702246.4324456748
5467.0,0.995557,702432.4524722443
5468.0,0.9958229999999999,702731.2665410527
5469.0,0.9958790000000001,702881.7857173816
5470.0,0.9963120000000001,703298.3040748873
5471.0,0.996767,703730.3128127649
5472.0,0.9958440000000001,703189.2456617868
5473.0,0.994504,702353.3356313616
5474.0,0.993983,702095.4876967149
5475.0,0.990009,699397.9933914769
5476.0,0.976915,690255.5949918639
5477.0,0.9690030000000001,684772.169978309
5478.0,0.980144,692753.2831507021
5479.0,0.992585,701655.6813534983
5480.0,0.996079,704235.0853450656
5481.0,0.9953219999999999,703809.164630842
5482.0,0.9943879999999999,703257.7609626076
5483.0,0.994684,703576.0386238258
5484.0,0.9955200000000001,704276.2641831258
5485.0,0.995899,704653.1823312344
5486.0,0.9952790000000001,704323.0893029727
5487.0,0.9934729999999999,703153.3048629884
5488.0,0.9926780000000001,702698.658335657
5489.0,0.9929889999999999,703026.7392631123
5490.0,0.9912920000000001,701932.887864164
5491.0,0.990339,701365.4377989258
5492.0,0.991836,702533.018081053
5493.0,0.9931040000000001,703538.5564838687
5494.0,0.9944440000000001,704595.2463158193
5495.0,0.9941840000000001,704518.2647889442
5496.0,0.986558,699220.4565646795
5497.0,0.9735889999999999,690133.458020055
5498.0,0.9738180000000001,690400.4233384251
5499.0,0.98546,698759.9172916003
5500.0,0.9863190000000001,699474.7174323659
5501.0,0.976931,692921.5326522695
5502.0,0.977791,693636.0430253121
5503.0,0.988771,701530.7190759591
5504.0,0.993893,705270.7402267047
5505.0,0.98925,702081.390548648
5506.0,0.9764139999999999,693075.3849659392
5507.0,0.971907,689979.4683252829
5508.0,0.9831989999999999,698100.2162386988
5509.0,0.991814,704322.1908715465
5510.0,0.992864,705172.8791335362
5511.0,0.992749,705196.0991482275
5512.0,0.992957,705448.6348048884
5513.0,0.9930709999999999,705634.2857352193
5514.0,0.992966,705664.1893379878
5515.0,0.993265,705981.0850766193
5516.0,0.9948899999999999,707240.5252538566
5517.0,0.995826,708010.3063206805
5518.0,0.9953559999999999,707780.364977474
5519.0,0.994668,707395.1502075712
5520.0,0.994663,707495.4677059504
5521.0,0.9948100000000001,707703.7802572252
5522.0,0.994806,707804.5508743428
5523.0,0.994395,707615.5617656366
5524.0,0.993605,707156.6139545585
5525.0,0.991509,705767.740212371
5526.0,0.984699,701022.3274644115
5527.0,0.975982,694917.5501038308
5528.0,0.972693,692676.2357774589
5529.0,0.979468,697601.9453706223
5530.0,0.989714,705001.4107130643
5531.0,0.9938309999999999,708036.3599123916
5532.0,0.993927,708206.920754653
5533.0,0.993552,708041.7138906524
5534.0,0.992348,707285.4337876842
5535.0,0.9909549999999999,706394.0447003874
5536.0,0.9914940000000001,706879.6432940202
5537.0,0.992923,707999.8280214848
5538.0,0.9932540000000001,708337.1326928098
5539.0,0.9922780000000001,707742.1520880036
5540.0,0.991699,707430.038413536
5541.0,0.9931780000000001,708585.9587330596
5542.0,0.9949030000000001,709917.5786802637
5543.0,0.99479,709937.7136348822
5544.0,0.9940530000000001,709512.3061684017
5545.0,0.9945459999999999,709964.6600633995
5546.0,0.9950709999999999,710439.8251375511
5547.0,0.9947239999999999,710292.3009531186
5548.0,0.9944639999999999,710206.703851123
5549.0,0.9951270000000001,710780.1822475409
5550.0,0.9955700000000001,711196.4993835657
5551.0,0.994663,710648.2475932944
5552.0,0.9941270000000001,710364.781613296
5553.0,0.99493,711038.0052600016
5554.0,0.9949309999999999,711138.0160966039
5555.0,0.993834,710452.9752419525
5556.0,0.994007,710675.58096258
5557.0,0.995024,711501.5969977365
5558.0,0.9947879999999999,711431.5862349626
5559.0,0.994167,711086.0197396877
5560.0,0.994567,711470.5754136052
5561.0,0.9942719999999999,711357.8339067744
5562.0,0.992597,710257.4343085244
5563.0,0.992323,710159.2003846393
5564.0,0.993392,711022.0330410263
5565.0,0.992958,710809.0193412161
5566.0,0.9921629999999999,710337.3290632943
5567.0,0.992765,710865.6655681602
5568.0,0.991347,709947.3749311368
5569.0,0.986851,706824.0804539418
5570.0,0.9863540000000001,706564.4163921833
5571.0,0.9885120000000001,708206.6629315115
5572.0,0.983922,705014.0223170582
5573.0,0.980771,702851.5889908163
5574.0,0.986461,707025.0106293927
5575.0,0.989765,709489.0575014732
5576.0,0.9890540000000001,709075.1673048697
5577.0,0.9907860000000001,710412.6846599246
5578.0,0.992706,711885.2213391686
5579.0,0.9931,712263.5292015596
5580.0,0.99344,712603.0449201325
5581.0,0.991967,711641.8378456259
5582.0,0.98985,710218.1440033695
5583.0,0.9898020000000001,710278.6185294491
5584.0,0.988641,709540.1593861941
5585.0,0.984632,706757.0850770172
5586.0,0.978353,702343.5169319733
5587.0,0.9738379999999999,699195.1341062064
5588.0,0.974082,699463.0750718565
5589.0,0.9778190000000001,702239.4970417883
5590.0,0.985676,707975.7466159964
5591.0,0.992165,712730.6402184978
5592.0,0.994348,714392.9692638365
5593.0,0.9913879999999999,712360.0848964945
5594.0,0.9863190000000001,708810.8912663757
5595.0,0.9869629999999999,709366.7533009145
5596.0,0.991917,713020.7667398123
5597.0,0.992713,713686.2893061083
5598.0,0.9889020000000001,711039.3084198488
5599.0,0.9886379999999999,710942.1732904903
5600.0,0.991607,713170.0508792332
5601.0,0.99108,712883.6794561498
5602.0,0.9886149999999999,711202.8933956989
5603.0,0.9880059999999999,710856.8823966284
5604.0,0.9917040000000001,713609.8551031488
5605.0,0.9952059999999999,716222.3278363282
5606.0,0.9960760000000001,716940.896423916
5607.0,0.996138,717077.8485559324
5608.0,0.995817,716938.9385434878
5609.0,0.99567,716925.1241184761
5610.0,0.9955719999999999,716946.4367272616
5611.0,0.995691,717123.8882140612
5612.0,0.995683,717209.748705054
5613.0,0.994604,716523.9149649149
5614.0,0.988294,712068.7997235805
5615.0,0.9758879999999999,703219.6512925422
5616.0,0.973582,701647.0314470883
5617.0,0.9852850000000001,710171.2323871639
5618.0,0.9932190000000001,715980.4852267541
5619.0,0.994693,717133.6526109865
5620.0,0.9947809999999999,717287.5801423972
5621.0,0.9948739999999999,717444.9975514184
5622.0,0.994499,717264.7633486997
5623.0,0.992534,715937.4261890533
5624.0,0.989078,713533.9748370127
5625.0,0.988417,713146.3704237419
5626.0,0.9917219999999999,715620.3566194032
5627.0,0.994418,717655.3018088827
5628.0,0.9951129999999999,718246.3315752917
5629.0,0.995209,718404.9585206695
5630.0,0.9950600000000001,718386.5927180522
5631.0,0.9945149999999999,718082.139966554
5632.0,0.9935360000000001,717464.0531858662
5633.0,0.9916729999999999,716207.216930177
5634.0,0.989109,714443.5780991846
5635.0,0.988908,714386.3816143924
5636.0,0.9928959999999999,717355.5215715609
5637.0,0.9966209999999999,720135.2010686111
5638.0,0.997708,721009.0184381144
5639.0,0.997748,721126.1735988418
5640.0,0.9969809999999999,720659.8708782245
5641.0,0.9961129999999999,720120.2856149026
5642.0,0.9968670000000001,720753.1521269614
5643.0,0.997876,721570.4123300881
5644.0,0.9980020000000001,721749.1382693297
5645.0,0.9980129999999999,721844.5777609241
5646.0,0.9982,722067.2010610313
5647.0,0.998574,722425.0123800029
5648.0,0.9988870000000001,722738.6217523783
5649.0,0.9989120000000001,722843.7488815155
5650.0,0.998926,722940.788424004
5651.0,0.999086,723143.3749243051
5652.0,0.999107,723245.2372889775
5653.0,0.9989979999999999,723252.8551904538
5654.0,0.9988819999999999,723255.2549062521
5655.0,0.998452,723030.1203230853
5656.0,0.996812,721928.4536770965
5657.0,0.9915790000000001,718223.8800148913
5658.0,0.9854790000000001,713890.2134451364
5659.0,0.9871840000000001,715210.0550879998
5660.0,0.9939110000000001,720168.9052968101
5661.0,0.996705,722278.6645554162
5662.0,0.995094,721196.2393833108
5663.0,0.994217,720645.4397124408
5664.0,0.9963850000000001,722301.7493021103
5665.0,0.9980629999999999,723603.0442821448
5666.0,0.997757,723465.9111481601
5667.0,0.996693,722778.9117759046
5668.0,0.996078,722417.2447383051
5669.0,0.996188,722581.2199072319
5670.0,0.9973420000000001,723502.4334852329
5671.0,0.9985799999999999,724484.6550823204
5672.0,0.999135,724971.3710516276
5673.0,0.999324,725192.4503605762
5674.0,0.9991459999999999,725147.0749864135
5675.0,0.9988360000000001,725005.7276028562
5676.0,0.998915,725146.5869497675
5677.0,0.999173,725417.2868966741
5678.0,0.999182,725507.1009683318
5679.0,0.998966,725433.3953704414
5680.0,0.99885,725432.1509540392
5681.0,0.9988450000000001,725511.3825921497
5682.0,0.998444,725302.8163546759
5683.0,0.997231,724504.1234525928
5684.0,0.995843,723577.9461402181
5685.0,0.996332,724015.3907724739
5686.0,0.9977030000000001,725093.7920780008
5687.0,0.9982030000000001,725539.2074710267
5688.0,0.998245,725651.6430816967
5689.0,0.998332,725796.6718918864
5690.0,0.9985,726000.4802557764
5691.0,0.998758,726269.632587257
5692.0,0.999151,726636.8773281347
5693.0,0.9993860000000001,726889.1380295262
5694.0,0.999252,726872.8910755432
5695.0,0.998977,726753.916170451
5696.0,0.9989629999999999,726824.6659681388
5697.0,0.999107,727010.2549744773
5698.0,0.9990959999999999,727082.9386485287
5699.0,0.998807,726953.1574510621
5700.0,0.9978520000000001,726338.4183378684
5701.0,0.996419,725375.4215581807
5702.0,0.9964149999999999,725452.4677818269
5703.0,0.9978959999999999,726610.6770634501
5704.0,0.9988290000000001,727369.9290981777
5705.0,0.998748,727390.7030909276
5706.0,0.9983040000000001,727146.9330448444
5707.0,0.997617,726725.9477769173
5708.0,0.995395,725186.414149624
5709.0,0.992323,723027.0722617117
5710.0,0.992166,722991.2761775535
5711.0,0.994051,724443.4946995308
5712.0,0.9957469999999999,725758.1295404742
5713.0,0.997603,727189.5342675269
5714.0,0.998548,727956.9704546118
5715.0,0.998607,728078.4500382459
5716.0,0.99884,728326.6870656575
5717.0,0.9990479999999999,728556.6015281572
5718.0,0.999,728599.7125124224
5719.0,0.999036,728703.9584500507
5720.0,0.9990379999999999,728783.2798137367
5721.0,0.998965,728807.7566253733
5722.0,0.999093,728978.7522430756
5723.0,0.999324,729224.8011365875
5724.0,0.9993850000000001,729346.6930549464
5725.0,0.9992850000000001,729350.9573919743
5726.0,0.999084,729281.3538992195
5727.0,0.99892,729238.6030505287
5728.0,0.998951,729338.0699340004
5729.0,0.9989870000000001,729441.0652433828
5730.0,0.998864,729427.8279527193
5731.0,0.99861,729318.7709410237
5732.0,0.998539,729343.2131243593
5733.0,0.9987280000000001,729557.4439972277
5734.0,0.998909,729765.7322119337
5735.0,0.999027,729927.8907874327
5736.0,0.9990899999999999,730049.7510772356
5737.0,0.999049,730095.4918506359
5738.0,0.9989979999999999,730133.7909473975
5739.0,0.998934,730162.453342592
5740.0,0.998775,730121.5327689651
5741.0,0.998574,730049.7557419493
5742.0,0.99839,729990.2517830753
5743.0,0.998276,729981.7806938115
5744.0,0.998365,730121.6235244449
5745.0,0.998617,730380.5702126282
5746.0,0.9987370000000001,730542.8745880103
5747.0,0.998455,730410.9909711218
5748.0,0.998122,730241.6267418558
5749.0,0.998187,730363.2994408213
5750.0,0.998458,730635.5990669025
5751.0,0.998416,730678.7474665529
5752.0,0.997891,730368.2502053707
5753.0,0.997079,729847.469667289
5754.0,0.996431,729446.5014220744
5755.0,0.996807,729795.0161224826
5756.0,0.9978520000000001,730633.306293532
5757.0,0.998041,730844.7928671086
5758.0,0.997568,730571.3641083257
5759.0,0.9974959999999999,730591.4432746496
5760.0,0.997755,730853.8433712159
5761.0,0.99766,730856.8255426744
5762.0,0.99703,730467.7041241634
5763.0,0.996634,730249.8215731808
5764.0,0.997474,730937.4830602709
5765.0,0.998434,731713.0840503293
5766.0,0.9987370000000001,732007.1614091044
5767.0,0.998784,732113.5078828137
5768.0,0.998684,732111.9735797966
5769.0,0.998541,732078.7743354811
5770.0,0.998482,732107.0199467542
5771.0,0.998393,732113.1332977125
5772.0,0.998418,732202.7122956074
5773.0,0.998525,732352.311494953
5774.0,0.9984059999999999,732336.028817523
5775.0,0.998416,732414.2357051246
5776.0,0.998711,732701.4086204245
5777.0,0.9987290000000001,732785.2586771238
5778.0,0.9985430000000001,732719.2936942964
5779.0,0.998432,732708.2172151464
5780.0,0.997884,732376.2734063733
5781.0,0.9970600000000001,731841.5442025884
5782.0,0.996974,731848.3183963337
5783.0,0.99775,732487.7846054636
5784.0,0.998242,732918.7195331685
5785.0,0.998151,732921.5140455625
5786.0,0.998232,733050.4796090577
5787.0,0.9985209999999999,733332.0912232463
5788.0,0.998566,733434.4037700337
5789.0,0.9983719999999999,733361.0392947026
5790.0,0.9982139999999999,733313.9704302436
5791.0,0.998141,733329.2048065653
5792.0,0.9982200000000001,733455.9892741464
5793.0,0.9982110000000001,733517.9954314424
5794.0,0.9983799999999999,733710.6889123742
5795.0,0.998649,733976.7787092606
5796.0,0.9985209999999999,733950.971389767
5797.0,0.99803,733658.1792400898
5798.0,0.997936,733657.0607647614
5799.0,0.99851,734146.9478903124
5800.0,0.9988319999999999,734451.4912169531
5801.0,0.9987520000000001,734460.3326511096
5802.0,0.998664,734463.1561771848
5803.0,0.9984379999999999,734364.3435386464
5804.0,0.998175,734238.1605648027
5805.0,0.997976,734158.9003588454
5806.0,0.997921,734185.4331584111
5807.0,0.998265,734505.412445775
5808.0,0.998606,734823.107106134
5809.0,0.9987590000000001,735002.3720693238
5810.0,0.998783,735086.5926311985
5811.0,0.9986360000000001,735044.8289958145
5812.0,0.9985780000000001,735068.4370967746
5813.0,0.998691,735217.8016146282
5814.0,0.998858,735406.8155860377
5815.0,0.998782,735416.8045679362
5816.0,0.998374,735182.1827302115
5817.0,0.9983420000000001,735224.2879203277
5818.0,0.99879,735619.7915412307
5819.0,0.99911,735920.9495106012
5820.0,0.9991329999999999,736003.244115085
5821.0,0.9989809999999999,735956.4953966035
5822.0,0.99882,735902.9734001365
5823.0,0.998784,735941.412690381
5824.0,0.9989049999999999,736095.4185982718
5825.0,0.999052,736268.479015739
5826.0,0.998994,736290.3446499644
5827.0,0.998841,736242.0563983611
5828.0,0.9988940000000001,736345.4813673003
5829.0,0.999075,736543.1558507686
5830.0,0.999117,736638.2482928543
5831.0,0.9989549999999999,736582.8039983615
5832.0,0.998798,736530.9040838444
5833.0,0.998756,736563.6725394645
5834.0,0.998771,736638.3538527646
5835.0,0.9989020000000001,736798.4778571478
5836.0,0.99916,737052.181071766
5837.0,0.99926,737189.2331110884
5838.0,0.999084,737122.5437648082
5839.0,0.998914,737060.1377425716
5840.0,0.9988530000000001,737078.0225103144
5841.0,0.9988969999999999,737173.2667841443
5842.0,0.9991030000000001,737387.9592464746
5843.0,0.999238,737550.1501247348
5844.0,0.9991329999999999,737535.0745012503
5845.0,0.9989819999999999,737485.9055430191
5846.0,0.998791,737407.0645504828
5847.0,0.998699,737401.1764657797
5848.0,0.998817,737550.2248635408
5849.0,0.9989040000000001,737676.2737681567
5850.0,0.9988670000000001,737710.6325379672
5851.0,0.998229,737300.9617561966
5852.0,0.9937040000000001,734019.8791620148
5853.0,0.9839030000000001,726840.5705135029
5854.0,0.9814370000000001,725078.9888809397
5855.0,0.990274,731668.2575088138
5856.0,0.9951059999999999,735299.1300399617
5857.0,0.9933719999999999,734078.3532632946
5858.0,0.993347,734120.2599133576
5859.0,0.995924,736085.1759797004
5860.0,0.9974719999999999,737289.6904083575
5861.0,0.9978629999999999,737638.9957981908
5862.0,0.997656,737546.1392968211
5863.0,0.997822,737728.9112039375
5864.0,0.998294,738137.8391072913
5865.0,0.9982129999999999,738137.7825774825
5866.0,0.997635,737770.0553184602
5867.0,0.9976450000000001,737837.0113084096
5868.0,0.998286,738370.5603573499
5869.0,0.9986809999999999,738722.100138116
5870.0,0.9987149999999999,738806.5146128068
5871.0,0.9985860000000001,738770.2231884359
5872.0,0.998395,738687.9244238004
5873.0,0.998235,738628.4213481226
5874.0,0.998295,738731.5782851999
5875.0,0.998568,738992.253751429
5876.0,0.998691,739141.8250794673
5877.0,0.998533,739083.3037427642
5878.0,0.9982409999999999,738925.453979142
5879.0,0.9980549999999999,738845.9210638376
5880.0,0.9979110000000001,738797.3416339358
5881.0,0.997884,738835.253266607
5882.0,0.998067,739028.5391574489
5883.0,0.99797,739014.3821342245
5884.0,0.99772,738886.7868090337
5885.0,0.9979899999999999,739144.1727611739
5886.0,0.9983629999999999,739477.761876747
5887.0,0.9972620000000001,738719.412887916
5888.0,0.9883200000000001,732152.1688649493
5889.0,0.962989,713441.8008095174
5890.0,0.945924,700852.8646146223
5891.0,0.965758,715603.1336394724
5892.0,0.989231,733052.1565505826
5893.0,0.995326,737625.0781694049
5894.0,0.988725,732788.9886785053
5895.0,0.966651,716483.4221656144
5896.0,0.952427,705994.1308051186
5897.0,0.970668,719569.8910986664
5898.0,0.991084,734760.061486938
5899.0,0.997049,739238.0514975237
5900.0,0.9979399999999999,739954.3108983194
5901.0,0.998072,740107.7245096585
5902.0,0.9981040000000001,740186.8753789588
5903.0,0.9982719999999999,740366.7759001775
5904.0,0.998218,740381.918773431
5905.0,0.9981059999999999,740353.9156929846
5906.0,0.998183,740465.9851764565
5907.0,0.998185,740522.3051040882
5908.0,0.998031,740462.7673560227
5909.0,0.997822,740362.2861960445
5910.0,0.997605,740255.7282730527
5911.0,0.997648,740341.971820949
5912.0,0.997698,740433.2975089093
5913.0,0.997368,740242.4766874927
5914.0,0.996836,739901.568215317
5915.0,0.996906,740007.351991985
5916.0,0.9973920000000001,740421.846986673
5917.0,0.997972,740906.0637600637
5918.0,0.998332,741226.8832129198
5919.0,0.9982780000000001,741240.2212152742
5920.0,0.9981,741161.357315615
5921.0,0.998081,741200.4347899961
5922.0,0.998081,741253.5040996652
5923.0,0.998129,741342.1075509334
5924.0,0.998224,741465.5100365884
5925.0,0.998491,741716.5737313916
5926.0,0.9986790000000001,741908.8604064337
5927.0,0.9984209999999999,741769.6975506241
5928.0,0.9980549999999999,741550.1473515778
5929.0,0.997757,741380.9693744128
5930.0,0.997791,741458.3528212195
5931.0,0.9982030000000001,741816.5347520688
5932.0,0.9982639999999999,741913.7784778508
5933.0,0.997827,741640.7706618449
5934.0,0.99751,741456.7981132542
5935.0,0.9978450000000001,741757.3467744985
5936.0,0.998373,742201.2920473501
5937.0,0.998294,742193.8938487822
5938.0,0.9980870000000001,742091.201614318
5939.0,0.998289,742292.4900304643
5940.0,0.998547,742535.3255100049
5941.0,0.9984790000000001,742535.6358979393
5942.0,0.99825,742416.0848425172
5943.0,0.998223,742446.6358211571
5944.0,0.998433,742653.3532975195
5945.0,0.9985809999999999,742813.8562812252
5946.0,0.9986389999999999,742907.3056308533
5947.0,0.9982610000000001,742676.2741472058
5948.0,0.997246,741971.148223567
5949.0,0.997028,741858.8291216885
5950.0,0.9979,742557.4637783641
5951.0,0.998396,742976.2620635439
5952.0,0.9982709999999999,742932.8338924374
5953.0,0.9980450000000001,742814.1067710539
5954.0,0.997907,742760.742030637
5955.0,0.997714,742666.3082138567
5956.0,0.9973190000000001,742421.3679816601
5957.0,0.997236,742408.5473538601
5958.0,0.9979120000000001,742960.6906850816
5959.0,0.998433,743397.3777425691
5960.0,0.998375,743402.8698212405
5961.0,0.998416,743481.9628085705
5962.0,0.998785,743805.2097894016
5963.0,0.998993,744008.4715622853
5964.0,0.998898,743985.9621713306
5965.0,0.998551,743775.6254045261
5966.0,0.998179,743546.5179897901
5967.0,0.998268,743660.6826612867
5968.0,0.9985700000000001,743933.4260643855
5969.0,0.9987809999999999,744138.2845832269
5970.0,0.998934,744299.8332779006
5971.0,0.9989610000000001,744367.3942389414
5972.0,0.998783,744282.0796311892
5973.0,0.998489,744110.1864587526
5974.0,0.998195,743938.1513031275
5975.0,0.998123,743931.4376744614
5976.0,0.9981979999999999,744034.1736774347
5977.0,0.998239,744111.4582626331
5978.0,0.99821,744136.4497468392
5979.0,0.998183,744162.8156443241
5980.0,0.998416,744382.9117815787
5981.0,0.998793,744710.2835891636
5982.0,0.9989100000000001,744843.7058025235
5983.0,0.9985450000000001,744617.5963971487
5984.0,0.9979549999999999,744223.5462511266
5985.0,0.997783,744141.0704271651
5986.0,0.9979959999999999,744345.6138622772
5987.0,0.9980610000000001,744439.6722076472
5988.0,0.9981899999999999,744581.362698117
5989.0,0.998346,744743.0929448735
5990.0,0.9981690000000001,744656.2986154867
5991.0,0.99782,744441.0514085912
5992.0,0.9979100000000001,744553.2029538733
5993.0,0.998043,744697.3342771132
5994.0,0.997984,744698.0936191096
5995.0,0.998174,744884.5502227837
5996.0,0.9985149999999999,745183.6009141703
5997.0,0.998518,745230.3073693909
5998.0,0.998273,745091.798757931
5999.0,0.998224,745099.4549167354
6000.0,0.998101,745051.755259838
6001.0,0.997909,744952.4226403548
6002.0,0.997755,744881.3296906769
6003.0,0.997499,744733.9573621348
6004.0,0.997459,744747.7254713011
6005.0,0.9976219999999999,744912.9554815711
6006.0,0.997791,745082.5677411949
6007.0,0.9974129999999999,744843.5961782606
6008.0,0.9967290000000001,744375.9530779396
6009.0,0.9970180000000001,744634.8354535506
6010.0,0.9979979999999999,745409.7420843837
6011.0,0.998408,745758.8605459206
6012.0,0.998094,745567.0807113061
6013.0,0.997505,745169.7277619124
6014.0,0.997296,745056.101606691
6015.0,0.997309,745108.2062025956
6016.0,0.997035,744945.7649121288
6017.0,0.9970959999999999,745033.5018838622
6018.0,0.997751,745564.9962453843
6019.0,0.997771,745621.906508005
6020.0,0.997137,745189.9533367262
6021.0,0.996871,745032.8682635588
6022.0,0.996966,745145.465728179
6023.0,0.996927,745157.8008505728
6024.0,0.996885,745167.7789777565
6025.0,0.997484,745656.8140326593
6026.0,0.997835,745960.3878231632
6027.0,0.9977719999999999,745954.3646471477
6028.0,0.997909,746097.7573791858
6029.0,0.998182,746342.737730492
6030.0,0.9983219999999999,746488.1795328734
6031.0,0.998225,746456.2970079622
6032.0,0.9982850000000001,746541.704035391
6033.0,0.9983780000000001,746651.684552999
6034.0,0.998366,746683.0316902822
6035.0,0.998467,746798.7848792651
6036.0,0.9984139999999999,746799.2456541698
6037.0,0.998179,746663.4508153271
6038.0,0.998218,746732.49651766
6039.0,0.998484,746971.254685281
6040.0,0.9984350000000001,746974.2577655416
6041.0,0.998175,746819.2795037421
6042.0,0.998107,746807.8293278785
6043.0,0.99823,746939.1818057777
6044.0,0.998244,746988.8686571528
6045.0,0.9982040000000001,746998.0359021783
6046.0,0.998286,747098.3923415376
6047.0,0.998318,747161.2240486003
6048.0,0.998125,747055.544918241
6049.0,0.998044,747033.5725570011
6050.0,0.998315,747274.9687612855
6051.0,0.9984799999999999,747436.9270385266
6052.0,0.9982209999999999,747281.3761603391
6053.0,0.99798,747139.1713655494
6054.0,0.998065,747240.9112622368
6055.0,0.998101,747305.860331844
6056.0,0.9978610000000001,747164.0432195317
6057.0,0.9976510000000001,747044.5625024118
6058.0,0.9976389999999999,747073.2270408622
6059.0,0.99769,747148.9606647332
6060.0,0.997924,747361.6404925023
6061.0,0.998291,747673.839412065
6062.0,0.9985350000000001,747893.8305638044
6063.0,0.9980540000000001,747570.6851268081
6064.0,0.99526,745514.8066055556
6065.0,0.990875,742266.7905548501
6066.0,0.9911840000000001,742534.8019513445
6067.0,0.9957950000000001,746025.6828861781
6068.0,0.9983860000000001,748003.3841191934
6069.0,0.998742,748306.594220033
6070.0,0.998569,748213.3493465693
6071.0,0.9985629999999999,748245.119840805
6072.0,0.998815,748470.1155442558
6073.0,0.998975,748626.0764853333
6074.0,0.998792,748524.8857249928
6075.0,0.998491,748335.1362119466
6076.0,0.998534,748403.0852552421
6077.0,0.998663,748535.389136266
6078.0,0.998495,748444.9705824153
6079.0,0.9984139999999999,748419.6476976938
6080.0,0.998446,748478.9205576761
6081.0,0.998331,748427.8846231214
6082.0,0.998323,748456.951863229
6083.0,0.998333,748499.4059296539
6084.0,0.998084,748347.558558379
6085.0,0.9979129999999999,748254.0717480697
6086.0,0.9979809999999999,748339.6801888914
6087.0,0.9982059999999999,748542.9179548426
6088.0,0.9986280000000001,748893.7982257504
6089.0,0.998778,749040.6114354617
6090.0,0.998584,748929.3301738292
6091.0,0.998439,748854.6792143413
6092.0,0.99846,748904.4206436713
6093.0,0.998542,748999.8116532194
6094.0,0.998682,749138.6081015303
6095.0,0.9989239999999999,749353.8229699564
6096.0,0.9989370000000001,749397.1521399242
6097.0,0.998726,749272.3237124899
6098.0,0.9985209999999999,749151.8754445858
6099.0,0.9983299999999999,749041.8104185307
6100.0,0.998116,748914.3680152344
6101.0,0.996533,747759.5600813137
6102.0,0.9924950000000001,744762.3234224094
6103.0,0.991,743673.0501856956
6104.0,0.9946870000000001,746472.4546168544
6105.0,0.997693,748760.9084690511
6106.0,0.998179,749158.128964096
6107.0,0.9976510000000001,748794.2092424688
6108.0,0.997318,748576.5136875133
6109.0,0.997927,749065.7758695022
6110.0,0.9985059999999999,749532.4510855009
6111.0,0.9984569999999999,749527.6261278363
6112.0,0.998333,749466.3877311202
6113.0,0.9983569999999999,749516.1459812562
6114.0,0.998575,749711.4509840062
6115.0,0.998707,749842.0935576918
6116.0,0.9985780000000001,749776.6678047467
6117.0,0.998418,749687.850598363
6118.0,0.9983110000000001,749638.7153169513
6119.0,0.997966,749410.7440196493
6120.0,0.9959379999999999,747918.7641330048
6121.0,0.9892350000000001,742915.6271640555
6122.0,0.982196,737659.6247549702
6123.0,0.9863799999999999,740832.2504344247
6124.0,0.994917,747274.533252135
6125.0,0.9981469999999999,749731.0237062328
6126.0,0.998569,750078.3669530171
6127.0,0.998627,750152.1993726172
6128.0,0.9986149999999999,750173.3447581553
6129.0,0.998625,750210.9112641724
6130.0,0.99875,750334.769399819
6131.0,0.998818,750415.7052846028
6132.0,0.998777,750414.6445002857
6133.0,0.9987889999999999,750453.2982171986
6134.0,0.9981120000000001,749974.1377731944
6135.0,0.9936520000000001,746652.2019410505
6136.0,0.9828120000000001,738535.6380373858
6137.0,0.975224,732862.1510893531
6138.0,0.981258,737425.1875067169
6139.0,0.990991,744768.4147830354
6140.0,0.987661,742294.369924137
6141.0,0.9689459999999999,728256.7122482514
6142.0,0.9626520000000001,723553.8163436688
6143.0,0.980817,737235.1673549304
6144.0,0.995291,748142.9927892488
6145.0,0.998616,750670.7111484143
6146.0,0.9985879999999999,750677.9313846608
6147.0,0.9980459999999999,750298.6370026567
6148.0,0.9976510000000001,750029.7216905671
6149.0,0.9976219999999999,750035.8474076248
6150.0,0.9978229999999999,750214.7931435714
6151.0,0.998074,750431.2398516503
6152.0,0.9983540000000001,750669.4016301386
6153.0,0.998609,750888.6763872467
6154.0,0.998468,750810.0840964931
6155.0,0.9982129999999999,750645.65324874
6156.0,0.9982850000000001,750727.0139953159
6157.0,0.9982770000000001,750748.1112566126
6158.0,0.998073,750621.6983446962
6159.0,0.9978299999999999,750465.8388400369
6160.0,0.995554,748780.7929911932
6161.0,0.98667,742125.3047766836
6162.0,0.9774149999999999,735190.1818011287
6163.0,0.982476,739023.0272168091
6164.0,0.9929889999999999,746957.2027892827
6165.0,0.99721,750158.6264539526
6166.0,0.997617,750490.9588432739
6167.0,0.9973489999999999,750315.4001870371
6168.0,0.9961,749401.6829745098
6169.0,0.9938530000000001,747736.9409265697
6170.0,0.994157,747991.3205161606
6171.0,0.996799,750004.7552306717
6172.0,0.9979889999999999,750925.6814447105
6173.0,0.997603,750660.6817291714
6174.0,0.997742,750790.6166235813
6175.0,0.9981969999999999,751158.2505041438
6176.0,0.998175,751166.8428670479
6177.0,0.9982850000000001,751274.6700035031
6178.0,0.99859,751529.1550618577
6179.0,0.9984799999999999,751471.2173555436
6180.0,0.998189,751276.9437476778
6181.0,0.9983489999999999,751422.0049896974
6182.0,0.9986229999999999,751652.778209902
6183.0,0.998661,751705.821989313
6184.0,0.998713,751769.3035647817
6185.0,0.998755,751825.1577046508
6186.0,0.9986389999999999,751761.9713209367
6187.0,0.998403,751608.3398531533
6188.0,0.998181,751465.1345959731
6189.0,0.9971959999999999,750747.3857036402
6190.0,0.9920459999999999,746893.7338162983
6191.0,0.983209,740263.7726937985
6192.0,0.983102,740206.367404055
6193.0,0.992087,746994.7038270216
6194.0,0.997498,751092.2227785897
6195.0,0.998442,751826.2438263186
6196.0,0.998482,751879.4745865632
6197.0,0.9986299999999999,752013.9344866208
6198.0,0.998675,752070.733540747
6199.0,0.9981469999999999,751695.9117497186
6200.0,0.997402,751157.5386983419
6201.0,0.997611,751337.5230213738
6202.0,0.9983799999999999,751939.1847355718
6203.0,0.99869,752195.0693340348
6204.0,0.998591,752142.8060905557
6205.0,0.9982709999999999,751923.974234295
6206.0,0.9978239999999999,751609.3645325156
6207.0,0.997598,751461.1068672047
6208.0,0.997868,751686.3713769381
6209.0,0.998152,751922.0932130361
6210.0,0.998289,752046.9861761745
6211.0,0.9981559999999999,751968.3777196683
6212.0,0.9968459999999999,751002.9355869244
6213.0,0.993851,748767.8567671742
6214.0,0.9914799999999999,747002.6849548358
6215.0,0.992661,747913.5421211194
6216.0,0.995763,750271.754024231
6217.0,0.99713,751322.6996056504
6218.0,0.995964,750464.9712132566
6219.0,0.993936,748957.5538048687
6220.0,0.9943120000000001,749261.4808675788
6221.0,0.996524,750948.8749867971
6222.0,0.9977719999999999,751909.8004895775
6223.0,0.997967,752077.1264990899
6224.0,0.9978020000000001,751973.0537794374
6225.0,0.997584,751828.9309672482
6226.0,0.9978370000000001,752039.6779802253
6227.0,0.9982030000000001,752335.5022468504
6228.0,0.997618,751914.4632728826
6229.0,0.9939100000000001,749139.4037390726
6230.0,0.9861469999999999,743307.644767889
6231.0,0.983449,741293.321720984
6232.0,0.989872,746154.0995794304
6233.0,0.995361,750310.9722327613
6234.0,0.9972,751716.4889978573
6235.0,0.9976659999999999,752086.9461547208
6236.0,0.997715,752142.9599187061
6237.0,0.9971,751698.2969274748
6238.0,0.996392,751183.3984230482
6239.0,0.996756,751476.5788776457
6240.0,0.997366,751955.1434810143
6241.0,0.997442,752031.0174007276
6242.0,0.9974139999999999,752028.3814512821
6243.0,0.997287,751950.9999018371
6244.0,0.996143,751106.6816813092
6245.0,0.993088,748821.2656487764
6246.0,0.9907889999999999,747105.7030166772
6247.0,0.992617,748502.0032349069
6248.0,0.995825,750938.9114089853
6249.0,0.9974219999999999,752160.9726484723
6250.0,0.99721,752018.7840532329
6251.0,0.9945360000000001,750019.795822346
6252.0,0.9893049999999999,746092.2335653659
6253.0,0.987513,744758.0000115689
6254.0,0.990502,747029.4022631745
6255.0,0.9930329999999999,748955.3821576891
6256.0,0.9935700000000001,749377.4224891093
6257.0,0.9940610000000001,749764.6882182121
6258.0,0.994941,750445.2804781849
6259.0,0.9958799999999999,751170.3071214121
6260.0,0.996924,751974.4684648475
6261.0,0.9973219999999999,752291.2817262542
6262.0,0.997574,752497.8785194644
6263.0,0.9976799999999999,752594.2515781965
6264.0,0.996334,751595.1986675404
6265.0,0.9947969999999999,750451.9183228252
6266.0,0.995865,751273.6848456297
6267.0,0.9978049999999999,752753.2331837672
6268.0,0.998553,753333.4713837092
6269.0,0.998059,752976.6201490639
6270.0,0.9973540000000001,752460.4654839113
6271.0,0.997568,752637.5515146478
6272.0,0.998218,753143.5037342801
6273.0,0.9986209999999999,753463.0165044134
6274.0,0.998475,753368.2136027804
6275.0,0.9979950000000001,753021.2946404831
6276.0,0.997985,753028.9021558119
6277.0,0.998423,753374.457200427
6278.0,0.9982639999999999,753269.4445124316
6279.0,0.9966079999999999,752034.7024919922
6280.0,0.9946010000000001,750534.9468054693
6281.0,0.9948469999999999,750735.2028357094
6282.0,0.9969530000000001,752338.9970279792
6283.0,0.998599,753595.6156089958
6284.0,0.999017,753925.453661783
6285.0,0.998676,753682.4037167717
6286.0,0.9981459999999999,753296.6099598643
6287.0,0.9979040000000001,753128.0611806108
6288.0,0.998331,753464.3195297678
6289.0,0.9989299999999999,753930.3083546667
6290.0,0.998942,753953.1781792243
6291.0,0.998561,753679.3292012232
6292.0,0.9981120000000001,753354.0485969479
6293.0,0.9978,753132.0662566401
6294.0,0.998207,753452.6850140815
6295.0,0.9988100000000001,753921.1632583794
6296.0,0.998447,753660.3931827103
6297.0,0.9970370000000001,752609.1940403094
6298.0,0.9961,751914.9104451893
6299.0,0.9961540000000001,751968.5848568461
6300.0,0.995476,751469.5895350766
6301.0,0.99392,750307.6814490643
6302.0,0.993765,750203.2676578067
6303.0,0.995658,751644.8365267859
6304.0,0.9972709999999999,752874.9757209264
6305.0,0.99772,753226.3006867431
6306.0,0.9979889999999999,753441.6486107226
6307.0,0.998682,753977.0159648459
6308.0,0.999082,754291.0944712902
6309.0,0.998534,753889.3509410082
6310.0,0.997641,753227.021319778
6311.0,0.9974879999999999,753123.2901845458
6312.0,0.9976889999999999,753286.7416594912
6313.0,0.997002,752779.6244810234
6314.0,0.9949950000000001,751275.7242724703
6315.0,0.9943620000000001,750809.1443703847
6316.0,0.995411,751612.4960282986
6317.0,0.9933,750029.6962949479
6318.0,0.9905649999999999,747975.5726812289
6319.0,0.9929690000000001,749801.8098155841
6320.0,0.996268,752303.8399226377
6321.0,0.9972620000000001,753065.2665240081
6322.0,0.997232,753053.3532012479
6323.0,0.997268,753091.1850832065
6324.0,0.997697,753425.7032355103
6325.0,0.998091,753733.7050254456
6326.0,0.9983190000000001,753916.2599667702
6327.0,0.998224,753854.7971003093
6328.0,0.998461,754043.9666108944
6329.0,0.9989399999999999,754415.8091807798
6330.0,0.998826,754339.7180654623
6331.0,0.9979709999999999,753703.9005680047
6332.0,0.997007,752985.6504682947
6333.0,0.996542,752644.1604293484
6334.0,0.994557,751154.5642169934
6335.0,0.991085,748541.7425685768
6336.0,0.9909100000000001,748418.9348450939
6337.0,0.9938239999999999,750629.1335190436
6338.0,0.9962260000000001,752452.5781091829
6339.0,0.997101,753122.6118215775
6340.0,0.997549,753470.0459311358
6341.0,0.9978450000000001,753702.5845801567
6342.0,0.9977809999999999,753663.1130902163
6343.0,0.9976719999999999,753589.5565575279
6344.0,0.997526,753487.9567355529
6345.0,0.997444,753434.604653037
6346.0,0.996948,753068.4333497726
6347.0,0.996287,752577.5226263953
6348.0,0.996416,752683.2665651413
6349.0,0.9968819999999999,753043.489260734
6350.0,0.9971180000000001,753229.8832168343
6351.0,0.997461,753497.0176658154
6352.0,0.997618,753623.5562214684
6353.0,0.9971190000000001,753254.4419624837
6354.0,0.996158,752536.2146974962
6355.0,0.995583,752109.4824319296
6356.0,0.996033,752456.9893004335
6357.0,0.9962209999999999,752606.4797808051
6358.0,0.9954540000000001,752034.4081304097
6359.0,0.995402,752002.3984646087
6360.0,0.9964850000000001,752827.7695138571
6361.0,0.996878,753131.7755937323
6362.0,0.996431,752801.0772892123
6363.0,0.9962469999999999,752668.9784006354
6364.0,0.9964639999999999,752839.7450602007
6365.0,0.996833,753125.2615218527
6366.0,0.997043,753290.5626541221
6367.0,0.997094,753335.645277671
6368.0,0.997187,753412.3693781268
6369.0,0.996828,753147.4970256151
6370.0,0.996167,752654.3522728408
6371.0,0.9962040000000001,752688.4862351147
6372.0,0.997131,753394.9799823561
6373.0,0.997682,753817.2996461813
6374.0,0.997208,753465.0704045116
6375.0,0.9969459999999999,753272.9272604069
6376.0,0.997432,753645.8682640769
6377.0,0.9976649999999999,753827.5587696314
6378.0,0.997301,753558.0689649264
6379.0,0.9970620000000001,753382.9343377963
6380.0,0.997236,753519.7722439438
6381.0,0.997403,753651.2316600963
6382.0,0.997366,753628.4555911287
6383.0,0.9970709999999999,753410.6372356393
6384.0,0.996891,753279.6223495596
6385.0,0.997332,753617.7634679544
6386.0,0.9978100000000001,753983.7767391369
6387.0,0.997432,753702.8731000953
6388.0,0.9967600000000001,753199.7147221924
6389.0,0.996949,753347.0764657526
6390.0,0.997568,753819.2819252785
6391.0,0.996977,753377.0520284899
6392.0,0.992583,750060.9299388268
6393.0,0.984878,744242.6575984325
6394.0,0.9843049999999999,743813.6990935907
6395.0,0.991943,749589.5190418006
6396.0,0.9963770000000001,752944.1049569984
6397.0,0.996851,753306.1195315205
6398.0,0.995459,752257.9310008592
6399.0,0.9905889999999999,748581.3414547977
6400.0,0.9863790000000001,745403.3872335504
6401.0,0.990067,748193.8346684059
6402.0,0.9953690000000001,752203.9237516219
6403.0,0.996873,753343.7838527058
6404.0,0.997235,753620.5430864576
6405.0,0.99749,753816.3535961194
6406.0,0.997506,753831.4598296119
6407.0,0.996624,753167.8407529143
6408.0,0.9954370000000001,752273.6319004821
6409.0,0.9958319999999999,752574.8836395815
6410.0,0.9957879999999999,752544.2838949867
6411.0,0.9941200000000001,751286.2891989333
6412.0,0.9939120000000001,751131.566440538
6413.0,0.9954879999999999,752324.9847073425
6414.0,0.996361,752987.0381179581
6415.0,0.9968379999999999,753349.7336226223
6416.0,0.9973420000000001,753732.7471750508
6417.0,0.997735,754031.7862593783
6418.0,0.997452,753819.8539443433
6419.0,0.9958440000000001,752606.4663794233
6420.0,0.99293,750405.9758947601
6421.0,0.9902200000000001,748359.5601032781
6422.0,0.9920459999999999,749741.1401871339
6423.0,0.996152,752845.7565830213
6424.0,0.9974,753790.3477406026
6425.0,0.9969540000000001,753454.601984897
6426.0,0.9970979999999999,753564.6637384287
6427.0,0.998057,754290.5809870543
6428.0,0.9984,754550.8636636836
6429.0,0.9963350000000001,752991.1859741405
6430.0,0.990757,748776.4245776494
6431.0,0.9870760000000001,745995.2480618325
6432.0,0.990183,748344.1009131086
6433.0,0.994742,751790.2397642958
6434.0,0.99731,753731.5687157721
6435.0,0.998217,754417.4864427976
6436.0,0.997957,754221.3386599745
6437.0,0.995181,752123.5964240591
6438.0,0.987217,746104.852299101
6439.0,0.9810209999999999,741422.2132711976
6440.0,0.986935,745891.8123694026
6441.0,0.9953489999999999,752250.73868418
6442.0,0.997914,754189.1021516117
6443.0,0.9975879999999999,753942.4591934358
6444.0,0.9970319999999999,753521.9029419144
6445.0,0.99755,753912.9508465783
6446.0,0.998714,754792.1343991779
6447.0,0.9990479999999999,755043.9455022193
6448.0,0.997808,754106.0981832827
6449.0,0.9950190000000001,751997.490188059
6450.0,0.993347,750732.98496839
6451.0,0.994914,751916.303009069
6452.0,0.997133,753592.2859289721
6453.0,0.998237,754425.5069220655
6454.0,0.998124,754338.8823837071
6455.0,0.9965879999999999,753176.7312701895
6456.0,0.9946860000000001,751737.8915896447
6457.0,0.994985,751962.382050229
6458.0,0.9967459999999999,753291.6928883949
6459.0,0.997822,754103.2231662611
6460.0,0.9976440000000001,753966.9557474274
6461.0,0.993399,750756.984763771
6462.0,0.984592,744099.2406129135
6463.0,0.9828899999999999,742810.9907260599
6464.0,0.9907450000000001,748745.2663811921
6465.0,0.99624,752895.882273876
6466.0,0.9977209999999999,754012.8664793414
6467.0,0.9983489999999999,754485.1174648001
6468.0,0.99872,754763.0564618009
6469.0,0.998361,754489.2260323231
6470.0,0.997158,753577.47918146
6471.0,0.995561,752367.8980417191
6472.0,0.995598,752393.0859551665
6473.0,0.9971469999999999,753560.8318496848
6474.0,0.9979629999999999,754174.5445709932
6475.0,0.9980209999999999,754215.3376971274
6476.0,0.9981030000000001,754274.1816592813
6477.0,0.9980319999999999,754217.3165624943
6478.0,0.997376,753718.2810208055
6479.0,0.997064,753479.1243594553
6480.0,0.997215,753589.7708493056
6481.0,0.9966889999999999,753188.7281470556
6482.0,0.99624,752845.7918026184
6483.0,0.996878,753324.2014244639
6484.0,0.997675,753922.6740435995
6485.0,0.9976200000000001,753877.2195302135
6486.0,0.9970559999999999,753447.0433330961
6487.0,0.997183,753538.9529426193
6488.0,0.997725,753944.3768111052
6489.0,0.9976889999999999,753912.9400257039
6490.0,0.996625,753104.6052846513
6491.0,0.9942620000000001,751314.6049693892
6492.0,0.9917540000000001,749414.9724541802
6493.0,0.9859829999999999,745049.6203605491
6494.0,0.9747370000000001,736547.1265246973
6495.0,0.966015,729951.8711110615
6496.0,0.960641,725886.4572078331
6497.0,0.960317,725636.9067404405
6498.0,0.9685010000000001,731816.0697448045
6499.0,0.93881,709376.257305019
6500.0,0.834852,630820.0060466204
6501.0,0.723102,546377.1206204055
6502.0,0.6639109999999999,501648.74965625466
6503.0,0.654255,494349.1582605765
6504.0,0.710779,537054.2615695221
6505.0,0.7652399999999999,578199.9155371771
6506.0,0.75542,570775.8282937253
6507.0,0.715025,540250.2864080507
6508.0,0.70491,532603.5872760823
6509.0,0.739161,558477.9721993044
6510.0,0.7824720000000001,591197.17374653
6511.0,0.79457,600332.9747175021
6512.0,0.76966,581507.5992830435
6513.0,0.753718,569458.0807663818
6514.0,0.754219,569831.8088058773
6515.0,0.7483489999999999,565392.0542727406
6516.0,0.736058,556101.1661242049
6517.0,0.71518,540322.846946954
6518.0,0.690117,521382.9805842439
6519.0,0.648558,489980.7876195297
6520.0,0.5838770000000001,441110.7650235792
6521.0,0.5825899999999999,440134.41109372466
6522.0,0.6886939999999999,520288.89913480956
6523.0,0.769983,581694.9738406215
6524.0,0.7619229999999999,575600.4493710628
6525.0,0.718286,542629.3251734638
6526.0,0.710516,536754.2492825566
6527.0,0.759678,573887.6794199795
6528.0,0.796217,601484.544266355
6529.0,0.781243,590166.8240755353
6530.0,0.743577,561707.4450856748
6531.0,0.727236,549357.5950839586
6532.0,0.748717,565578.5650005321
6533.0,0.783098,591543.6523754216
6534.0,0.807449,609931.6545653265
6535.0,0.827988,625439.7157564108
6536.0,0.80614,608929.7288547159
6537.0,0.743289,561448.153643165
6538.0,0.729007,550654.064360736
6539.0,0.765279,578045.5970020421
6540.0,0.766637,579064.8194172123
6541.0,0.7310220000000001,552157.41415307
6542.0,0.716204,540958.8270396558
6543.0,0.7406229999999999,559396.3466460676
6544.0,0.7660939999999999,578627.9470815931
6545.0,0.787968,595142.2632991333
6546.0,0.796247,601388.1134331672
6547.0,0.766632,579013.5754451501
6548.0,0.75355,569126.2303764729
6549.0,0.781115,589937.7447751889
6550.0,0.797331,602177.4471245711
6551.0,0.804938,607914.987250803
6552.0,0.8124819999999999,613604.7386251545
6553.0,0.780085,589130.3179964939
6554.0,0.742529,560760.3633110336
6555.0,0.7477729999999999,564713.3618291633
6556.0,0.744205,562011.5175927519
6557.0,0.693585,523777.2438861102
6558.0,0.6622899999999999,500137.4622856743
6559.0,0.68242,515332.03738063655
6560.0,0.731063,552057.559887367
6561.0,0.777625,587210.5987221616
6562.0,0.784157,592135.0410934807
6563.0,0.736136,555865.6228744875
6564.0,0.6675180000000001,504044.3074363087
6565.0,0.634501,479106.39874253597
6566.0,0.60364,455797.0932009856
6567.0,0.5807100000000001,438476.86037130206
6568.0,0.61101,461348.8899434514
6569.0,0.675322,509900.9258574752
6570.0,0.717785,541954.6851359786
6571.0,0.7140489999999999,539125.9787559247
6572.0,0.693308,523458.2596791803
6573.0,0.71275,538129.2839000515
6574.0,0.739678,558451.6908306496
6575.0,0.721228,544513.8729898662
6576.0,0.727159,548983.3454614544
6577.0,0.746464,563549.4399662217
6578.0,0.725877,547998.6812095951
6579.0,0.7197560000000001,543369.238336212
6580.0,0.7335689999999999,553788.5277227286
6581.0,0.7318560000000001,552486.6727168047
6582.0,0.729877,550983.9964657376
6583.0,0.741262,559569.6295172003
6584.0,0.763916,576661.6231670232
6585.0,0.773925,584207.7569218663
6586.0,0.726699,548549.6713756947
6587.0,0.642501,484984.78262051183
6588.0,0.604053,455955.2397500933
6589.0,0.611403,461495.5801479946
6590.0,0.615192,464347.8395726841
6591.0,0.6116739999999999,461684.71238815924
6592.0,0.5934189999999999,447898.49012265546
6593.0,0.580762,438337.85178692243
6594.0,0.612118,461996.32310487767
6595.0,0.650187,490720.4878847675
6596.0,0.648968,489791.9979240743
6597.0,0.634067,478537.528427407
6598.0,0.625473,472043.28185139294
6599.0,0.588648,444243.7063675323
6600.0,0.550586,415511.5368123823
6601.0,0.558487,421466.69007507333
6602.0,0.597953,451241.9396913038
6603.0,0.660269,498259.3879179571
6604.0,0.696652,525705.5960353143
6605.0,0.677932,511569.8364114784
6606.0,0.664446,501384.0619725505
6607.0,0.7034229999999999,530785.9153039164
6608.0,0.76246,575323.1338702715
6609.0,0.767791,579334.8993659692
6610.0,0.7292310000000001,550229.2239269927
6611.0,0.7102310000000001,535882.9825230775
6612.0,0.725007,547021.3875098181
6613.0,0.7401270000000001,558418.8564750189
6614.0,0.729184,550151.9199796577
6615.0,0.745718,562615.5847564345
6616.0,0.7472489999999999,563759.7411996156
6617.0,0.679225,512429.25785484276
6618.0,0.6258630000000001,472161.99559385027
6619.0,0.600132,452741.1648702566
6620.0,0.5841770000000001,440695.94795231184
6621.0,0.581704,438821.61590623116
6622.0,0.597993,451100.5704396403
6623.0,0.653738,493142.32110177516
6624.0,0.681629,514171.2958708772
6625.0,0.6512399999999999,491238.06877905416
6626.0,0.640444,483084.65558173263
6627.0,0.64708,488080.15244766185
6628.0,0.633347,477711.7602133625
6629.0,0.627544,473324.9481965121
6630.0,0.619251,467060.22648207383
6631.0,0.628925,474346.75860673713
6632.0,0.65379,493090.0254141967
6633.0,0.648565,489138.9785100333
6634.0,0.655219,494146.83982248756
6635.0,0.686218,517514.32576717617
6636.0,0.6868920000000001,518011.51663459605
6637.0,0.6910229999999999,521115.63235284184
6638.0,0.717773,541276.6759709651
6639.0,0.730945,551197.7649332497
6640.0,0.74941,565109.6716190756
6641.0,0.7570640000000001,570868.808928682
6642.0,0.6965210000000001,525204.3972481831
6643.0,0.518158,390702.9775332713
6644.0,0.352058,265453.8697695953
6645.0,0.37472300000000003,282537.0975656517
6646.0,0.49467700000000003,372972.73807779455
6647.0,0.566176,426871.3655389827
6648.0,0.616942,465136.1108852028
6649.0,0.684801,516285.8407688538
6650.0,0.7278479999999999,548727.3232464573
6651.0,0.733528,552996.7885185719
6652.0,0.707631,533461.0789503504
6653.0,0.70016,527816.6869242091
6654.0,0.708046,533749.1316220097
6655.0,0.657027,495277.6930255079
6656.0,0.534017,402541.2891673813
6657.0,0.403706,304305.85588748846
6658.0,0.357448,269431.07773436717
6659.0,0.401866,302904.5159382302
6660.0,0.458293,345427.83539768367
6661.0,0.471546,355408.4521271761
6662.0,0.48636,366565.0641107016
6663.0,0.529359,398963.36164733703
6664.0,0.556233,419207.3725341818
6665.0,0.570991,430319.3027903488
6666.0,0.581832,438478.72663427587
6667.0,0.593691,447404.86904772336
6668.0,0.592433,446445.8137920273
6669.0,0.578789,436153.14719115105
6670.0,0.616953,464900.49360814906
6671.0,0.692225,521608.1256096613
6672.0,0.73698,555318.1499770879
6673.0,0.739726,557373.2266521314
6674.0,0.721528,543647.5305908746
6675.0,0.720249,542670.0598075935
6676.0,0.736272,554728.4062409449
6677.0,0.739117,556857.6521571245
6678.0,0.728748,549031.437578967
6679.0,0.680212,512451.67765753326
6680.0,0.605489,456145.75455185905
6681.0,0.546926,412016.5442066994
6682.0,0.518044,390248.6383590489
6683.0,0.527817,397600.3350436898
6684.0,0.542321,408515.3365893561
6685.0,0.554608,417759.7614453542
6686.0,0.590597,444856.76855961647
6687.0,0.615912,463912.50381208386
6688.0,0.635645,478762.85794452863
6689.0,0.667366,502641.3957166615
6690.0,0.654567,492988.28472318884
6691.0,0.590895,445021.5900365746
6692.0,0.545593,410892.0950896428
6693.0,0.564959,425465.2703784737
6694.0,0.6070840000000001,457176.72840026626
6695.0,0.62339,469443.4255532899
6696.0,0.632078,475972.83043257834
6697.0,0.6370140000000001,479676.5427055063
6698.0,0.68275,514101.8718782904
6699.0,0.7184659999999999,540980.5197361378
6700.0,0.687099,517347.80309068516
6701.0,0.68148,513102.64257074206
6702.0,0.693134,521862.5599357317
6703.0,0.685118,515812.7509912942
6704.0,0.692357,521248.1167540961
6705.0,0.7155819999999999,538718.0063395998
6706.0,0.744943,560806.1373249773
6707.0,0.738776,556147.6161095652
6708.0,0.706418,531773.3920150928
6709.0,0.709091,533770.1971369089
6710.0,0.706337,531681.7631349574
6711.0,0.680345,512101.9409660926
6712.0,0.6593939999999999,496317.5014443356
6713.0,0.629354,473692.956698372
6714.0,0.62297,468874.21798491105
6715.0,0.66952,503894.9678823317
6716.0,0.689174,518671.70364559954
6717.0,0.666415,501528.4758270888
6718.0,0.6762560000000001,508919.4902119582
6719.0,0.709144,533653.6226552218
6720.0,0.736813,554458.8804664228
6721.0,0.746213,561515.6527988554
6722.0,0.7244430000000001,545117.6285728707
6723.0,0.718588,540695.64910564
6724.0,0.732542,551178.5524614379
6725.0,0.7317130000000001,550538.093389227
6726.0,0.722052,543252.6581223047
6727.0,0.692325,520870.95180674735
6728.0,0.655987,493516.9276547497
6729.0,0.64504,485266.2890411461
6730.0,0.6739890000000001,507029.1132306032
6731.0,0.704834,530216.824740283
6732.0,0.712579,536026.4336593482
6733.0,0.693049,521319.0745003564
6734.0,0.653748,491741.08179361955
6735.0,0.636947,479088.57945766544
6736.0,0.644892,485049.2887488431
6737.0,0.693701,521744.0704926406
6738.0,0.7351949999999999,552934.926612247
6739.0,0.713951,536940.4470382513
6740.0,0.72059,541916.2051591194
6741.0,0.745097,560328.7077755975
6742.0,0.747159,561861.4049393474
6743.0,0.765895,575932.3468407075
6744.0,0.793523,596688.6573497823
6745.0,0.816098,613644.0977256827
6746.0,0.816554,613967.1024931576
6747.0,0.772551,580862.3817436149
6748.0,0.720171,541461.4989072754
6749.0,0.721643,542550.5068571519
6750.0,0.765265,575327.8505100813
6751.0,0.784501,589770.1441557226
6752.0,0.774081,581917.4537112196
6753.0,0.762841,573448.8083327526
6754.0,0.771385,579852.3585545609
6755.0,0.808192,607500.101656645
6756.0,0.8447129999999999,634930.9735146554
6757.0,0.862051,647941.4777822396
6758.0,0.8698450000000001,653777.7537351211
6759.0,0.8710829999999999,654686.2340478575
6760.0,0.8658100000000001,650701.2351596244
6761.0,0.8618879999999999,647731.7551187214
6762.0,0.869898,653729.3252473321
6763.0,0.865452,650366.0456071853
6764.0,0.8281069999999999,622280.9799198786
6765.0,0.809709,608435.007566905
6766.0,0.8351770000000001,627550.7726681053
6767.0,0.8630620000000001,648481.2333718278
6768.0,0.880131,661283.6241890467
6769.0,0.887549,666834.0705660441
6770.0,0.856613,643568.9075735483
6771.0,0.793,595756.0897767686
6772.0,0.768325,577198.4240476423
6773.0,0.7983600000000001,599741.0415146908
6774.0,0.82535,619994.651111865
6775.0,0.8256760000000001,620217.7545908762
6776.0,0.793333,595901.8838664194
6777.0,0.763666,573597.6432710453
6778.0,0.766576,575762.9896330478
6779.0,0.776388,583111.9255774722
6780.0,0.788312,592046.4602878469
6781.0,0.7895449999999999,592951.3198907658
6782.0,0.780238,585940.7613019671
6783.0,0.7899149999999999,593186.6845393616
6784.0,0.810347,608508.2078631814
6785.0,0.8174710000000001,613835.6468224366
6786.0,0.809304,607681.1082985944
6787.0,0.780184,585794.5744833411
6788.0,0.7643979999999999,573920.9314493167
6789.0,0.795362,597147.3867153671
6790.0,0.837708,628917.2353805302
6791.0,0.8518819999999999,639535.0786804458
6792.0,0.8559530000000001,642567.7159130753
6793.0,0.871292,654058.6957133261
6794.0,0.87731,658551.966456489
6795.0,0.861049,646321.7502796109
6796.0,0.8506370000000001,638482.6005090777
6797.0,0.849836,637857.6586034636
6798.0,0.8499329999999999,637906.685893699
6799.0,0.842281,632139.9507883291
6800.0,0.8481219999999999,636499.8339548572
6801.0,0.8458700000000001,634785.9118541331
6802.0,0.804377,603624.6305236671
6803.0,0.795279,596774.7426829451
6804.0,0.814377,611082.7015485219
6805.0,0.799317,599759.410116659
6806.0,0.77936,584762.64758572
6807.0,0.770058,577761.2344535793
6808.0,0.760455,570534.4749158391
6809.0,0.7731680000000001,580050.2439013903
6810.0,0.78754,590809.8050946674
6811.0,0.7988930000000001,599303.7277666474
6812.0,0.8161109999999999,612196.5039175962
6813.0,0.796797,597685.2169747193
6814.0,0.7584420000000001,568892.7107619791
6815.0,0.752097,564111.5362748299
6816.0,0.759854,569907.4964346209
6817.0,0.761688,571260.7424727094
6818.0,0.773162,579843.4801504235
6819.0,0.786342,589704.8795594462
6820.0,0.778465,583774.702775983
6821.0,0.76684,575034.4055434384
6822.0,0.731526,548531.6486746824
6823.0,0.696347,522132.16122946487
6824.0,0.737137,552695.2336149814
6825.0,0.791145,593166.1087052984
6826.0,0.77951,584419.4021133133
6827.0,0.748321,561013.7702803359
6828.0,0.749341,561755.9719560423
6829.0,0.744681,558240.1262442395
6830.0,0.7436050000000001,557411.1007702036
6831.0,0.778068,583221.2801753716
6832.0,0.7940010000000001,595140.2362587756
6833.0,0.773472,579729.3352477484
6834.0,0.7554960000000001,566233.0655914972
6835.0,0.7431800000000001,556979.7537895428
6836.0,0.716839,537216.4700776468
6837.0,0.707299,530045.3106836401
6838.0,0.736865,552179.2734257673
6839.0,0.7494,561549.4955348832
6840.0,0.730811,547597.6420734405
6841.0,0.730301,547192.9470177164
6842.0,0.736158,551558.6428112634
6843.0,0.7422310000000001,556085.7558935942
6844.0,0.761332,570372.7258043672
6845.0,0.77467,580341.1268878791
6846.0,0.756922,567021.6548216769
6847.0,0.723788,542177.8389393707
6848.0,0.675145,505718.99610065046
6849.0,0.6307149999999999,472418.78666756337
6850.0,0.6782520000000001,508003.65015280334
6851.0,0.763803,572056.3624409607
6852.0,0.802936,601339.9569502749
6853.0,0.799305,598595.2887114944
6854.0,0.787307,589585.0616184413
6855.0,0.8005399999999999,599469.304389685
6856.0,0.788212,590212.5930659095
6857.0,0.6953020000000001,520619.4449618561
6858.0,0.531411,397886.2070308293
6859.0,0.365044,273309.6452339674
6860.0,0.28361,212330.6280225168
6861.0,0.32354299999999997,242216.89599478297
6862.0,0.46702,349614.30072898744
6863.0,0.6178819999999999,462530.62911602156
6864.0,0.6965779999999999,521417.87262777885
6865.0,0.7176739999999999,537185.8187964003
6866.0,0.716882,536569.6828653798
6867.0,0.697527,522060.17836485925
6868.0,0.6347149999999999,475028.1619798399
6869.0,0.554453,414940.99662107026
6870.0,0.504631,377638.7123934401
6871.0,0.48041000000000006,359497.23660358053
6872.0,0.490863,367303.19978513004
6873.0,0.553331,414028.5359064348
6874.0,0.627551,469542.72801321006
6875.0,0.689399,515795.46996523015
6876.0,0.738614,552592.711997647
6877.0,0.759662,568314.4845235109
6878.0,0.749024,560331.0929505089
6879.0,0.703321,526118.0500472914
6880.0,0.654686,489714.83527030057
6881.0,0.674009,504146.1486578797
6882.0,0.72537,542538.8735140364
6883.0,0.719515,538135.4452568196
6884.0,0.693654,518770.2684994155
6885.0,0.6993729999999999,523023.79012548964
6886.0,0.70409,526527.5718955215
6887.0,0.683883,511393.34537288104
6888.0,0.663362,496025.65368411725
6889.0,0.698501,522276.91065906436
6890.0,0.739334,552783.003134475
6891.0,0.71112,531663.7685637726
6892.0,0.664669,496912.2781997249
6893.0,0.667291,498849.64241563453
6894.0,0.696276,520494.1820085148
6895.0,0.7201850000000001,538342.3466348499
6896.0,0.761182,568961.6067119347
6897.0,0.809553,605089.5883213768
6898.0,0.8284729999999999,619202.4372673747
6899.0,0.8259219999999999,617267.1976999466
6900.0,0.839087,627077.1635233838
6901.0,0.832522,622141.9730045459
6902.0,0.783247,585291.5797932629
6903.0,0.760229,568064.544180651
6904.0,0.7751899999999999,579216.7203510016
6905.0,0.775319,579285.9498503924
6906.0,0.757552,565984.6061209678
6907.0,0.7506659999999999,560813.526657422
6908.0,0.7567229999999999,565311.9879771137
6909.0,0.7326090000000001,547271.7109158493
6910.0,0.735654,549520.3779076402
6911.0,0.794844,593706.1058248457
6912.0,0.791293,591025.6307915576
6913.0,0.725052,541523.7204741272
6914.0,0.719251,537165.4921902025
6915.0,0.773204,577432.1849830303
6916.0,0.790183,590083.9512882726
6917.0,0.7771899999999999,580353.3742819469
6918.0,0.813505,607441.819625864
6919.0,0.854246,637832.3306609242
6920.0,0.837827,625542.7625944517
6921.0,0.817248,610148.5134663413
6922.0,0.814554,608107.7995832553
6923.0,0.789316,589237.7520250584
6924.0,0.774447,578109.7404077207
6925.0,0.796996,594913.2158933234
6926.0,0.803025,599384.3427005669
6927.0,0.798899,596275.5766879327
6928.0,0.833684,622207.7104983384
6929.0,0.871149,650137.333583817
6930.0,0.8721909999999999,650883.0596349242
6931.0,0.8529329999999999,636480.2794328418
6932.0,0.824468,615208.7001437163
6933.0,0.795058,593234.0483996654
6934.0,0.821802,613158.8584705587
6935.0,0.8771040000000001,654388.1458495047
6936.0,0.876251,653719.3502154071
6937.0,0.8411420000000001,627495.4445897395
6938.0,0.830304,619379.4564223052
6939.0,0.824167,614770.8383516207
6940.0,0.784307,585008.885551459
6941.0,0.754606,562826.9990356086
6942.0,0.759865,566721.0834587391
6943.0,0.749272,558792.6122328682
6944.0,0.7480319999999999,557839.8247078182
6945.0,0.7884359999999999,587941.254321416
6946.0,0.8220930000000001,613008.5782420771
6947.0,0.8517899999999999,635120.6232528321
6948.0,0.8816069999999999,657319.8498305122
6949.0,0.876907,653782.4484633399
6950.0,0.865642,645351.0281889035
6951.0,0.8533350000000001,636143.6185001297
6952.0,0.812991,606037.1495179848
6953.0,0.793838,591729.5386046394
6954.0,0.831667,619895.7433811136
6955.0,0.8729600000000001,650640.8285123776
6956.0,0.8830610000000001,658135.6544964333
6957.0,0.8736719999999999,651104.7175261127
6958.0,0.852342,635175.8646031434
6959.0,0.8373709999999999,623987.157586586
6960.0,0.821857,612394.9410363964
6961.0,0.798905,595261.8355940251
6962.0,0.8068960000000001,601184.7982446067
6963.0,0.849555,632935.4481199309
6964.0,0.879604,655288.5354147211
6965.0,0.86359,643324.9539848214
6966.0,0.841068,626514.7282864768
6967.0,0.857033,638373.8169361481
6968.0,0.881756,656754.798550066
6969.0,0.8945489999999999,666248.4921877476
6970.0,0.902734,672309.3353250861
6971.0,0.898418,669059.87882463
6972.0,0.8770209999999999,653091.0022863296
6973.0,0.850857,633574.0963598246
6974.0,0.816837,608209.6842341031
6975.0,0.777659,579007.4987723223
6976.0,0.7468,556001.9509679585
6977.0,0.763038,568061.2397861093
6978.0,0.8324440000000001,619699.2438438748
6979.0,0.881652,656296.4394499563
6980.0,0.8928229999999999,664576.6786513499
6981.0,0.893847,665303.4177525145
6982.0,0.87777,653302.1772758832
6983.0,0.8428469999999999,627276.3093465373
6984.0,0.8427020000000001,627134.7952990872
6985.0,0.8725930000000001,649344.6908755713
6986.0,0.899753,669519.966894912
6987.0,0.915849,681460.5672095449
6988.0,0.8934799999999999,664780.5116200097
6989.0,0.8410569999999999,625742.1741637315
6990.0,0.796888,592848.6039520589
6991.0,0.801978,596603.0248802562
6992.0,0.8402879999999999,625068.4858973451
6993.0,0.8580110000000001,638217.499390655
6994.0,0.859856,639555.0800396707
6995.0,0.823533,612504.9069044796
6996.0,0.773704,575413.0550980344
6997.0,0.776069,577140.395066629
6998.0,0.829616,616928.0086142791
6999.0,0.87728,652336.6715462997
7000.0,0.871132,647729.5240023977
7001.0,0.8536549999999999,634699.6215294035
7002.0,0.857766,637721.0734432525
7003.0,0.874872,650402.9647955799
7004.0,0.8785950000000001,653134.675105384
7005.0,0.858375,638068.1364008496
7006.0,0.8528819999999999,633949.8359786221
7007.0,0.873283,649077.9614311302
7008.0,0.8925549999999999,663365.2566954251
7009.0,0.8777879999999999,652353.8290950664
7010.0,0.835633,620990.5127760452
7011.0,0.8314879999999999,617875.7346903556
7012.0,0.844975,627862.7958539079
7013.0,0.818731,608328.0257505779
7014.0,0.80312,596695.4096219301
7015.0,0.84159,625242.4440902802
7016.0,0.891387,662200.915030324
7017.0,0.9071819999999999,673896.909415204
7018.0,0.894816,664673.4104372245
7019.0,0.8639950000000001,641743.2112558536
7020.0,0.828218,615134.6244822894
7021.0,0.8225040000000001,610856.143411873
7022.0,0.844908,627459.5497822406
7023.0,0.844882,627404.6280528803
7024.0,0.807542,599642.068087313
7025.0,0.773366,574231.9173916347
7026.0,0.748808,555965.6664834628
7027.0,0.7759189999999999,576061.8205939342
7028.0,0.838507,622493.1439710184
7029.0,0.868967,645069.1953065732
7030.0,0.875434,649832.6572505712
7031.0,0.8809889999999999,653918.5817268707
7032.0,0.87913,652501.2191453542
7033.0,0.8745440000000001,649060.0683162735
7034.0,0.882294,654774.1375422375
7035.0,0.879539,652691.8995456286
7036.0,0.8755459999999999,649691.2006595059
7037.0,0.892732,662405.5755363057
7038.0,0.912906,677335.3845543945
7039.0,0.9245180000000001,685911.1532462334
7040.0,0.9103760000000001,675379.77326176
7041.0,0.8865290000000001,657650.1421209846
7042.0,0.8892040000000001,659596.0803796012
7043.0,0.9096860000000001,674749.8891738525
7044.0,0.915082,678712.6462486258
7045.0,0.901301,668452.2119392783
7046.0,0.8960469999999999,664516.6248054982
7047.0,0.8868510000000001,657658.1925176831
7048.0,0.8647290000000001,641215.5974737498
7049.0,0.8682629999999999,643798.252515108
7050.0,0.884972,656148.9523091476
7051.0,0.880762,652988.9839483214
7052.0,0.8639870000000001,640514.3076036281
7053.0,0.84567,626897.9634987289
7054.0,0.829628,614969.5447277188
7055.0,0.825335,611751.029220061
7056.0,0.812118,601918.631702341
7057.0,0.792062,587018.7835153844
7058.0,0.788351,584233.6648775171
7059.0,0.795779,589703.2632467968
7060.0,0.795319,589327.1937610366
7061.0,0.772604,572461.2687482059
7062.0,0.7740739999999999,573516.1280695727
7063.0,0.8046220000000001,596113.589079855
7064.0,0.797903,591100.2559028585
7065.0,0.7434310000000001,550713.359504355
7066.0,0.710854,526549.5170252136
7067.0,0.735685,544909.6965400538
7068.0,0.7614380000000001,563950.4860004408
7069.0,0.742214,549679.2336231116
7070.0,0.719258,532645.932125228
7071.0,0.732391,542338.7100838677
7072.0,0.742436,549743.7298720247
7073.0,0.75939,562263.3292049781
7074.0,0.780996,578225.5594273726
7075.0,0.7799659999999999,577427.817909675
7076.0,0.770436,570337.7530680343
7077.0,0.777169,575286.9324792306
7078.0,0.785196,581193.264521774
7079.0,0.779932,577261.5797023353
7080.0,0.751161,555932.8428017932
7081.0,0.7146710000000001,528894.2092435042
7082.0,0.732971,542403.849418995
7083.0,0.755361,558938.2278920347
7084.0,0.707509,523497.3352461869
7085.0,0.642379,475277.2853190243
7086.0,0.6314890000000001,467191.24666204245
7087.0,0.6415420000000001,474599.3627943111
7088.0,0.64551,477505.2466119204
7089.0,0.633238,468398.2072927922
7090.0,0.656578,485632.37458913703
7091.0,0.762853,564202.7234270724
7092.0,0.8409709999999999,621939.7592359196
7093.0,0.8435440000000001,623803.7627487119
7094.0,0.8357950000000001,618034.8039431826
7095.0,0.8413459999999999,622100.6844161367
7096.0,0.858143,634480.9052708505
7097.0,0.882819,652684.6180518576
7098.0,0.907957,671227.5415226058
7099.0,0.9288379999999999,686621.1999299596
7100.0,0.9208860000000001,680700.1055791958
7101.0,0.882258,652106.0548883656
7102.0,0.8433120000000001,623280.5214308184
7103.0,0.8423200000000001,622508.0911186087
7104.0,0.857944,634014.8197493185
7105.0,0.853067,630370.9005828261
7106.0,0.859318,634949.8680788261
7107.0,0.8817510000000001,651484.3228004047
7108.0,0.8685450000000001,641686.3188475816
7109.0,0.8252959999999999,609694.9661506325
7110.0,0.807467,596485.6938884651
7111.0,0.8254309999999999,609717.0955776568
7112.0,0.835001,616746.8025157357
7113.0,0.8193010000000001,605111.8764721466
7114.0,0.83701,618151.7262495484
7115.0,0.888863,656404.3990854815
7116.0,0.921284,680302.9665811997
7117.0,0.9058510000000001,668863.8934932827
7118.0,0.846914,625305.7352140138
7119.0,0.814198,601111.7448724716
7120.0,0.85124,628418.923960976
7121.0,0.886532,654430.7002007402
7122.0,0.894385,660185.1305225189
7123.0,0.8940870000000001,659922.5400966477
7124.0,0.8809110000000001,650155.3379020261
7125.0,0.883692,652165.6303834973
7126.0,0.901708,665418.3277149925
7127.0,0.876366,646675.1532394037
7128.0,0.8372280000000001,617754.8800818551
7129.0,0.8307110000000001,612906.398150687
7130.0,0.806946,595333.5901521674
7131.0,0.7635350000000001,563269.909306815
7132.0,0.780402,575675.3451814741
7133.0,0.826659,609757.6766962952
7134.0,0.824716,608284.6928500348
7135.0,0.797752,588358.3560389266
7136.0,0.80983,597226.9664603958
7137.0,0.8416290000000001,620637.0968306365
7138.0,0.839253,618844.3070740709
7139.0,0.8234959999999999,607185.536177259
7140.0,0.839724,619110.0911009058
7141.0,0.846359,623960.7830116558
7142.0,0.812284,598800.1556369736
7143.0,0.792553,584216.2269097228
7144.0,0.7984289999999999,588508.6724155787
7145.0,0.795402,586238.6851329525
7146.0,0.8033319999999999,592044.1033610698
7147.0,0.807191,594848.6351956825
7148.0,0.810226,597045.5519246961
7149.0,0.828039,610131.1306565554
7150.0,0.834132,614579.7451942051
7151.0,0.8095939999999999,596460.6223998467
7152.0,0.802171,590952.3409024846
7153.0,0.844174,621854.0156730807
7154.0,0.88403,651170.0437989031
7155.0,0.917552,675816.8296107971
7156.0,0.9345829999999999,688314.7364134693
7157.0,0.916525,674969.8101930082
7158.0,0.8906139999999999,655843.7135172115
7159.0,0.876157,645154.2385212779
7160.0,0.85544,629856.9398291352
7161.0,0.8465889999999999,623297.9511307054
7162.0,0.865535,637203.8530756456
7163.0,0.8849100000000001,651423.6334314005
7164.0,0.866275,637662.3941804123
7165.0,0.859583,632693.5784324367
7166.0,0.89886,661558.4416490222
7167.0,0.923222,679442.6836008832
7168.0,0.900126,662400.2323115611
7169.0,0.8508190000000001,626072.7561255655
7170.0,0.8346,614096.2289625779
7171.0,0.857073,630588.8048492396
7172.0,0.8605299999999999,633089.0732999732
7173.0,0.828825,609722.1510635441
7174.0,0.829557,610218.9067768279
7175.0,0.87451,643242.1155022469
7176.0,0.8883610000000001,653385.3737468923
7177.0,0.856441,629865.1425473238
7178.0,0.828411,609208.7754412908
7179.0,0.823089,605253.3866813893
7180.0,0.8369770000000001,615423.4768483833
7181.0,0.843498,620175.5866933205
7182.0,0.789208,580219.2448416343
7183.0,0.7632899999999999,561125.7940670558
7184.0,0.807543,593616.9528938392
7185.0,0.823083,604998.3867348093
7186.0,0.797866,586422.2743594414
7187.0,0.769872,565807.7699365361
7188.0,0.795335,584480.9063537037
7189.0,0.8604120000000001,632261.1720357069
7190.0,0.889548,653625.8639501118
7191.0,0.871626,640412.4616847769
7192.0,0.8379,615589.9386242596
7193.0,0.801804,589029.7556779282
7194.0,0.8049729999999999,591316.4913435335
7195.0,0.859942,631651.4077768864
7196.0,0.878591,645304.4450225199
7197.0,0.8448110000000001,620450.3497429185
7198.0,0.8392780000000001,616343.5401269174
7199.0,0.884706,649659.0404644527
7200.0,0.926538,680329.3735949936
7201.0,0.9310870000000001,683621.4655834009
7202.0,0.9079299999999999,666572.2113860778
7203.0,0.846675,621556.9876348459
7204.0,0.775176,569028.3212548919
7205.0,0.728773,534927.7825171151
7206.0,0.7166399999999999,525984.8192784671
7207.0,0.7573840000000001,555849.9161668271
7208.0,0.801238,587993.0307536823
7209.0,0.8102159999999999,594539.4082489857
7210.0,0.7909149999999999,580335.0526445123
7211.0,0.781297,573237.0812125206
7212.0,0.806167,591442.097099197
7213.0,0.866276,635495.6250447023
7214.0,0.913903,670386.747510743
7215.0,0.915414,671447.2064027885
7216.0,0.9072110000000001,665382.8474520254
7217.0,0.9137850000000001,670156.5397824817
7218.0,0.904026,662951.9720485007
7219.0,0.8516360000000001,624487.9124249468
7220.0,0.7798510000000001,571808.3682466584
7221.0,0.716701,525467.3075900241
7222.0,0.68783,504263.5662349589
7223.0,0.7321979999999999,536752.1227173964
7224.0,0.809929,593691.6025782195
7225.0,0.8808549999999999,645635.0125230275
7226.0,0.899516,659265.2813510472
7227.0,0.8639379999999999,633144.0367195833
7228.0,0.8613770000000001,631221.5481500521
7229.0,0.8954340000000001,656131.2085573178
7230.0,0.903751,662177.5373096685
7231.0,0.891516,653165.5993382388
7232.0,0.854784,626208.5935680913
7233.0,0.7843720000000001,574583.5225020413
7234.0,0.718356,526185.922135452
7235.0,0.713508,522596.78406874475
7236.0,0.740603,542402.5306485457
7237.0,0.740809,542513.829594712
7238.0,0.76904,563147.0140917335
7239.0,0.827421,605853.550944108
7240.0,0.87125,637899.3227598758
7241.0,0.8786129999999999,643243.1581947289
7242.0,0.870642,637360.7786289866
7243.0,0.861718,630781.6128563376
7244.0,0.8536540000000001,624832.8427692857
7245.0,0.8225020000000001,601986.8582635967
7246.0,0.794773,581649.2875620733
7247.0,0.80245,587224.4020109884
7248.0,0.7776930000000001,569065.5427379274
7249.0,0.72645,531530.0031951728
7250.0,0.727801,532479.1779326146
7251.0,0.802787,587297.5758802007
7252.0,0.86526,632954.3214407156
7253.0,0.8754350000000001,640350.1009896508
7254.0,0.8787969999999999,642761.6343271615
7255.0,0.9002950000000001,658436.6438333199
7256.0,0.9127209999999999,667474.9026343841
7257.0,0.8776079999999999,641748.9757482164
7258.0,0.819743,599390.7137131727
7259.0,0.80101,585649.6441007752
7260.0,0.81881,598619.2876690925
7261.0,0.8407469999999999,614611.2224042525
7262.0,0.8717739999999999,637245.2890135142
7263.0,0.884749,646681.3449972289
7264.0,0.877433,641285.9390840197
7265.0,0.892072,651936.2538005712
7266.0,0.8957309999999999,654561.2175316938
7267.0,0.882077,644535.1010760147
7268.0,0.886338,647599.9780647487
7269.0,0.8738049999999999,638394.7868465314
7270.0,0.8180689999999999,597629.548915528
7271.0,0.8025979999999999,586283.2543848816
7272.0,0.852827,622927.6639904861
7273.0,0.884418,645953.8330504162
7274.0,0.868223,634077.5737396483
7275.0,0.847519,618910.3134541167
7276.0,0.8605520000000001,628380.2617925669
7277.0,0.9009229999999999,657809.5903511434
7278.0,0.9304110000000001,679288.7824447694
7279.0,0.942119,687784.5550762479
7280.0,0.9546100000000001,696850.5646417824
7281.0,0.961348,701715.8627574985
7282.0,0.952418,695144.7098231162
7283.0,0.93248,680540.668947976
7284.0,0.926766,676318.9420389702
7285.0,0.917653,669617.5354530629
7286.0,0.878459,640968.4706494526
7287.0,0.851549,621286.0822777404
7288.0,0.847043,617951.258205819
7289.0,0.8531,622322.4334697927
7290.0,0.8686969999999999,633651.632956936
7291.0,0.888575,648101.488903677
7292.0,0.8946620000000001,652491.0859798649
7293.0,0.8769629999999999,639533.7888373283
7294.0,0.8507540000000001,620372.9130336436
7295.0,0.837736,610833.1240922505
7296.0,0.825528,601885.3228939369
7297.0,0.772638,563280.2488165804
7298.0,0.728847,531314.0671635844
7299.0,0.763311,556394.6176386864
7300.0,0.835893,609254.1737740235
7301.0,0.886048,645760.4909175213
7302.0,0.905808,660110.6495839158
7303.0,0.915641,667224.7618178513
7304.0,0.9149709999999999,666684.8116457872
7305.0,0.896876,653449.3233405367
7306.0,0.8643190000000001,629679.8828715108
7307.0,0.8395450000000001,611583.7777690158
7308.0,0.8557379999999999,623331.3720192845
7309.0,0.886496,645685.6109580254
7310.0,0.894864,651729.6748481806
7311.0,0.8805790000000001,641275.8498127845
7312.0,0.847707,617288.8072693085
7313.0,0.8099270000000001,589731.8084191625
7314.0,0.79457,578504.6489971118
7315.0,0.788032,573699.5742438439
7316.0,0.789942,575045.0037975
7317.0,0.8202950000000001,597093.8796210294
7318.0,0.8354280000000001,608061.4611308827
7319.0,0.809901,589435.4537514455
7320.0,0.768263,559087.8771181573
7321.0,0.757487,551202.464338613
7322.0,0.779084,566873.3391467619
7323.0,0.77871,566556.5296907943
7324.0,0.742479,540153.7479042914
7325.0,0.7052729999999999,513045.83904065366
7326.0,0.689496,501529.31848476955
7327.0,0.6906760000000001,502347.88103601715
7328.0,0.69213,503365.54929304356
7329.0,0.693619,504408.4719352281
7330.0,0.690443,502059.014684039
7331.0,0.667188,485110.50948225724
7332.0,0.62746,456188.1410762767
7333.0,0.608305,442226.5295191602
7334.0,0.601047,436915.3186391737
7335.0,0.591513,429950.5751090467
7336.0,0.610834,443958.9510168873
7337.0,0.6450020000000001,468755.11524930206
7338.0,0.653349,474783.37708011805
7339.0,0.65556,476352.0164924661
7340.0,0.654827,475781.3317667321
7341.0,0.6550199999999999,475883.4589148923
7342.0,0.679496,493626.14470900333
7343.0,0.7026060000000001,510373.68652851216
7344.0,0.7053729999999999,512342.515087114
7345.0,0.69143,502174.77901310474
7346.0,0.673797,489328.86675788497
7347.0,0.671903,487914.1357405466
7348.0,0.669981,486479.26600378513
7349.0,0.641175,465525.4496569205
7350.0,0.618282,448867.7686233826
7351.0,0.645675,468717.0285263272
7352.0,0.686669,498435.67093245644
7353.0,0.692024,502282.11606832116
7354.0,0.689325,500282.65331210045
7355.0,0.698435,506853.2519952288
7356.0,0.685463,497399.1733083534
7357.0,0.652946,473765.1140057942
7358.0,0.6133149999999999,444973.4929144773
7359.0,0.577689,419091.99537756067
7360.0,0.5700890000000001,413544.8475151625
7361.0,0.596631,432763.3005335766
7362.0,0.6693859999999999,485496.23081424367
7363.0,0.7385470000000001,535614.0684055643
7364.0,0.732151,530932.2038867485
7365.0,0.674388,489004.420745993
7366.0,0.617222,447516.30515532446
7367.0,0.5657270000000001,410146.3570426175
7368.0,0.504953,366055.8624245764
7369.0,0.427886,310162.234103887
7370.0,0.334063,242132.79611862992
7371.0,0.27558,199727.24384296112
7372.0,0.322666,233833.73302647404
7373.0,0.444258,321924.1303193809
7374.0,0.5595829999999999,405459.12077402434
7375.0,0.631127,457260.3893490182
7376.0,0.630219,456564.9264461229
7377.0,0.557197,403630.54688168847
7378.0,0.47337700000000005,342883.4986716034
7379.0,0.42515,307925.576087786
7380.0,0.377515,273402.140561937
7381.0,0.30388000000000004,220056.35075819792
7382.0,0.268258,194244.4120541065
7383.0,0.383378,277579.29840114125
7384.0,0.619892,448786.6447464456
7385.0,0.779772,564489.031787933
7386.0,0.805303,582922.9294709886
7387.0,0.789026,571093.2914065347
7388.0,0.733759,531047.1468515389
7389.0,0.648877,469575.9930613933
7390.0,0.656366,474956.04548354563
7391.0,0.7353029999999999,532031.6784739873
7392.0,0.777516,562528.1646886888
7393.0,0.7724439999999999,558811.9638600477
7394.0,0.750448,542853.975584117
7395.0,0.7065520000000001,511058.06606350077
7396.0,0.72241,522484.6516108645
7397.0,0.760537,550014.0436457921
7398.0,0.76043,549890.5910590097
7399.0,0.782695,565943.6529684947
7400.0,0.790049,571213.1826310412
7401.0,0.73807,533587.0477761859
7402.0,0.691077,499571.5172625016
7403.0,0.744717,538301.9764069734
7404.0,0.817751,591043.2191260895
7405.0,0.791049,571695.7479921259
7406.0,0.752185,543562.6886020759
7407.0,0.784197,566648.1976919567
7408.0,0.8220350000000001,593939.1897839353
7409.0,0.821548,593537.1762942262
7410.0,0.775817,560450.8833504257
7411.0,0.7914800000000001,571717.474244903
7412.0,0.860985,621871.0421629386
7413.0,0.846017,611008.1998731934
7414.0,0.783112,565529.1559727633
7415.0,0.762459,550567.7403902852
7416.0,0.7925770000000001,572267.1918025207
7417.0,0.849467,613291.5557407023
7418.0,0.875181,631802.6102844097
7419.0,0.8366370000000001,603925.8750088703
7420.0,0.735284,530719.0698881944
7421.0,0.66993,483506.1288883217
7422.0,0.726378,524201.4185427037
7423.0,0.8208129999999999,592301.266065498
7424.0,0.8763549999999999,632326.5267969312
7425.0,0.8838440000000001,637675.6313505427
7426.0,0.851875,614558.0600424448
7427.0,0.771521,556541.5752489029
7428.0,0.680751,491021.98491651344
7429.0,0.644942,465153.2616806228
7430.0,0.592398,427220.14969661995
7431.0,0.47516899999999995,342648.59090401337
7432.0,0.319899,230662.19062668827
7433.0,0.18593099999999999,134053.44731058812
7434.0,0.155827,112339.24893746046
7435.0,0.24861399999999997,179216.08459118422
7436.0,0.420109,302814.00668361364
7437.0,0.6002069999999999,432591.0931964277
7438.0,0.727136,524028.22560856096
7439.0,0.8018529999999999,577824.936580446
7440.0,0.8367450000000001,602916.4168864576
7441.0,0.842944,607330.5699908123
7442.0,0.8254739999999999,594692.1755229761
7443.0,0.767104,552593.0944092678
7444.0,0.7379600000000001,531552.7649608237
7445.0,0.807248,581410.4902237317
7446.0,0.881193,634613.3786561353
7447.0,0.8955989999999999,644932.1945846258
7448.0,0.8814700000000001,634702.5432498214
7449.0,0.874633,629724.7751905397
7450.0,0.8756309999999999,630388.4401134282
7451.0,0.855183,615613.7841252584
7452.0,0.797508,574045.6921477335
7453.0,0.788218,567309.2604359862
7454.0,0.866742,623771.3878340364
7455.0,0.9144399999999999,658040.8881960248
7456.0,0.896438,645030.0577850187
7457.0,0.883057,635346.1980666616
7458.0,0.899648,647226.5033737678
7459.0,0.919366,661354.1181932858
7460.0,0.9061610000000001,651797.8340942846
7461.0,0.834326,600074.5660431492
7462.0,0.753386,541812.2959212493
7463.0,0.74028,532340.0852459357
7464.0,0.765904,550718.044828527
7465.0,0.732457,526621.8712222091
7466.0,0.599056,430671.3111953836
7467.0,0.403366,289960.970200876
7468.0,0.24202600000000002,173965.843780634
7469.0,0.22992100000000001,165250.31139764874
7470.0,0.369595,265614.2615431552
7471.0,0.541061,388806.1826260425
7472.0,0.656594,471786.4283408016
7473.0,0.726513,521979.56293627847
7474.0,0.775307,556987.3911192068
7475.0,0.8352510000000001,599998.5291201796
7476.0,0.89249,641059.0510144933
7477.0,0.915025,657187.2165923781
7478.0,0.926417,665310.0842562497
7479.0,0.9428219999999999,677031.2496619615
7480.0,0.9460069999999999,679257.9766065216
7481.0,0.907108,651269.5269579982
7482.0,0.8401280000000001,603126.7034631803
7483.0,0.8262709999999999,593125.9417351508
7484.0,0.881274,632552.6082021366
7485.0,0.9138209999999999,655855.380156678
7486.0,0.8811899999999999,632379.4421166042
7487.0,0.853441,612410.8709787774
7488.0,0.8878719999999999,637060.8660481231
7489.0,0.926024,664376.0413937119
7490.0,0.9369700000000001,672169.082072674
7491.0,0.94773,679827.2593892013
7492.0,0.9544739999999999,684603.5122843392
7493.0,0.933,669141.1086012232
7494.0,0.886394,635658.5555906994
7495.0,0.873382,626271.0279452679
7496.0,0.9027649999999999,647282.3519047978
7497.0,0.9112620000000001,653315.9422322757
7498.0,0.896782,642876.8612136879
7499.0,0.8880450000000001,636556.2340844994
7500.0,0.865816,620566.4232497552
7501.0,0.847836,607624.6133735641
7502.0,0.889599,637497.6709923727
7503.0,0.941916,674927.737028492
7504.0,0.941494,674564.4014993712
7505.0,0.897766,643175.8801209715
7506.0,0.8627450000000001,618030.2809218216
7507.0,0.875447,627072.6273281624
7508.0,0.92133,659878.3093411599
7509.0,0.948154,679028.7324177896
7510.0,0.955095,683937.5446233923
7511.0,0.952659,682131.2180513819
7512.0,0.936484,670488.5478529288
7513.0,0.93216,667332.0622649877
7514.0,0.933843,668476.1171941351
7515.0,0.923178,660781.6107426152
7516.0,0.897533,642367.2266329813
7517.0,0.8716079999999999,623755.7751497638
7518.0,0.877667,628034.5518112814
7519.0,0.887432,634964.1757965649
7520.0,0.8872260000000001,634758.8187453497
7521.0,0.910459,651321.1710709587
7522.0,0.9407030000000001,672895.4996002017
7523.0,0.9491149999999999,678850.5886588675
7524.0,0.924217,660981.8827748212
7525.0,0.884602,632592.0588094207
7526.0,0.8771030000000001,627171.9191910273
7527.0,0.896674,641107.3412566204
7528.0,0.910171,650697.7502021233
7529.0,0.9129379999999999,652615.9872306988
7530.0,0.892941,638262.4214951043
7531.0,0.87424,624837.73001424
7532.0,0.867972,620300.7751763345
7533.0,0.833958,595937.6139411796
7534.0,0.79677,569311.002213569
7535.0,0.813612,581291.4130893367
7536.0,0.8672860000000001,619582.0560233281
7537.0,0.9032459999999999,645212.0212937247
7538.0,0.9204760000000001,657459.1214959947
7539.0,0.9146860000000001,653263.1704863288
7540.0,0.890227,635735.8984448033
7541.0,0.895069,639134.5504223742
7542.0,0.919688,656653.221951465
7543.0,0.91607,654009.3771475493
7544.0,0.894921,638851.2413258674
7545.0,0.8719299999999999,622381.0601822352
7546.0,0.860885,614440.1222002628
7547.0,0.869401,620460.6086413424
7548.0,0.8719950000000001,622254.0064093872
7549.0,0.87202,622213.965843549
7550.0,0.887433,633152.6958140051
7551.0,0.9148850000000001,652677.9560008345
7552.0,0.9206280000000001,656713.8011016909
7553.0,0.907438,647244.5864378549
7554.0,0.90805,647620.6723534382
7555.0,0.918034,654680.1250025012
7556.0,0.9233530000000001,658411.7617441348
7557.0,0.9185479999999999,654924.2502518737
7558.0,0.903335,644017.1426941231
7559.0,0.902206,643152.0387428266
7560.0,0.92885,662083.6287408138
7561.0,0.953356,679487.8054272935
7562.0,0.943077,672098.5986930698
7563.0,0.9078930000000001,646963.460207709
7564.0,0.885648,631052.4467910128
7565.0,0.860483,613063.982081513
7566.0,0.816628,581764.1389596745
7567.0,0.831834,592541.1227510448
7568.0,0.904085,643947.135054493
7569.0,0.952413,678305.5402058848
7570.0,0.9550850000000001,680144.4317069505
7571.0,0.9299200000000001,662161.2449414459
7572.0,0.918178,653738.5207029381
7573.0,0.922974,657091.2112018964
7574.0,0.90386,643422.629748357
7575.0,0.885237,630106.0792743461
7576.0,0.892531,635237.8163927727
7577.0,0.8895190000000001,633034.1829501218
7578.0,0.8929530000000001,635417.8440747446
7579.0,0.92784,660180.5810511924
7580.0,0.9571729999999999,680987.1499103233
7581.0,0.9663930000000001,687481.5560958794
7582.0,0.9531940000000001,678027.5633360671
7583.0,0.907019,645121.0049066609
7584.0,0.846757,602202.1716573618
7585.0,0.843532,599851.5470407279
7586.0,0.9045120000000001,643154.3744353425
7587.0,0.9561379999999999,679798.3765333672
7588.0,0.9783299999999999,695510.2584880937
7589.0,0.9841610000000001,699588.915366789
7590.0,0.981512,697639.3318392364
7591.0,0.975668,693419.3481032456
7592.0,0.967776,687744.7242642088
7593.0,0.960083,682212.5438354157
7594.0,0.9442709999999999,670912.7557727132
7595.0,0.9199440000000001,653565.6819169822
7596.0,0.9092959999999999,645939.0732298832
7597.0,0.9243309999999999,656556.6375501603
7598.0,0.9476030000000001,673022.3432221042
7599.0,0.9482139999999999,673391.7193204891
7600.0,0.901593,640221.5197192853
7601.0,0.813932,577917.9235357695
7602.0,0.7777930000000001,552205.0196740513
7603.0,0.831084,589982.9974229726
7604.0,0.8833409999999999,627019.7107483217
7605.0,0.9040819999999999,641680.4872778073
7606.0,0.912867,647853.3358145175
7607.0,0.920126,652942.0689255997
7608.0,0.9282469999999999,658641.4139916839
7609.0,0.921968,654123.0240311973
7610.0,0.9203,652876.5854139659
7611.0,0.9400280000000001,666807.5677826675
7612.0,0.95911,680277.6202678012
7613.0,0.968349,686764.2555824176
7614.0,0.9717790000000001,689130.1802222673
7615.0,0.9745389999999999,691020.5221259587
7616.0,0.976876,692610.543400412
7617.0,0.966942,685500.8468131163
7618.0,0.936786,664057.7520670019
7619.0,0.909675,644777.0672804049
7620.0,0.9111469999999999,645757.7281024933
7621.0,0.922415,653680.2065666306
7622.0,0.928976,658265.756389113
7623.0,0.932415,660638.3599487266
7624.0,0.9335319999999999,661365.4263066445
7625.0,0.9340229999999999,661648.8583318731
7626.0,0.93161,659875.2393128464
7627.0,0.925176,655254.0576464431
7628.0,0.921325,652462.9604791928
7629.0,0.9264030000000001,655995.0780434782
7630.0,0.930737,658999.6811401588
7631.0,0.9180209999999999,649932.7397757997
7632.0,0.8919950000000001,631445.3478134986
7633.0,0.879978,622877.5636267096
7634.0,0.8801479999999999,622936.933120577
7635.0,0.89743,635106.3196232773
7636.0,0.9231159999999999,653220.163680755
7637.0,0.9289229999999999,657264.9125205055
7638.0,0.9264399999999999,655443.7627479718
7639.0,0.930269,658088.1440879367
7640.0,0.93355,660344.3371345795
7641.0,0.924975,654214.5551028851
7642.0,0.90161,637626.3205236152
7643.0,0.8755200000000001,619114.352631376
7644.0,0.8703110000000001,615370.3035697099
7645.0,0.887552,627499.0974684751
7646.0,0.9053190000000001,639997.3070194687
7647.0,0.9157129999999999,647281.3297132562
7648.0,0.9031870000000001,638364.2298853673
7649.0,0.8711139999999999,615634.5723474579
7650.0,0.866065,612005.9050610845
7651.0,0.89718,633930.7256969747
7652.0,0.9109299999999999,643582.5987504859
7653.0,0.892307,630362.8841759963
7654.0,0.869877,614456.586892479
7655.0,0.880268,621734.9322676879
7656.0,0.899017,634914.48213455
7657.0,0.896192,632856.6424338118
7658.0,0.888109,627086.5389343785
7659.0,0.895133,631983.411071952
7660.0,0.9119440000000001,643788.4197554917
7661.0,0.9118860000000001,643683.5260622394
7662.0,0.8950170000000001,631713.2160444842
7663.0,0.8811370000000001,621854.7059273635
7664.0,0.881856,622300.2079960582
7665.0,0.901236,635912.7969353719
7666.0,0.9062209999999999,639366.5229128645
7667.0,0.882295,622423.9612404861
7668.0,0.8785649999999999,619730.7898685444
7669.0,0.895682,631741.9098953707
7670.0,0.906043,638985.9297224093
7671.0,0.9023899999999999,636346.0894256372
7672.0,0.867756,611861.7817954298
7673.0,0.839511,591886.8148946109
7674.0,0.846259,596584.7177797775
7675.0,0.8625229999999999,607989.4372335102
7676.0,0.875323,616950.3171311279
7677.0,0.8609950000000001,606790.7613109933
7678.0,0.843258,594230.9333488756
7679.0,0.860848,606565.4822878971
7680.0,0.8658239999999999,610010.4093078525
7681.0,0.849382,598366.2147849887
7682.0,0.846419,596218.9511869239
7683.0,0.846052,595900.523944733
7684.0,0.852351,600276.7198480814
7685.0,0.860216,605754.7570372146
7686.0,0.832067,585873.5389575986
7687.0,0.80094,563899.6352384373
7688.0,0.804571,566398.9329841902
7689.0,0.8227770000000001,579157.1107272733
7690.0,0.8521280000000001,599756.9108214896
7691.0,0.8615719999999999,606342.6997395235
7692.0,0.845668,595089.9313634546
7693.0,0.8484889999999999,597014.7026614723
7694.0,0.839292,590483.7843531917
7695.0,0.80987,569726.2928799898
7696.0,0.814209,572720.7064102346
7697.0,0.8271959999999999,581796.9289907003
7698.0,0.815955,573832.5718989297
7699.0,0.818874,575827.0151729068
7700.0,0.8366049999999999,588235.6654411966
7701.0,0.8317620000000001,584771.0875513557
7702.0,0.839463,590125.3518488727
7703.0,0.8638530000000001,607209.325362224
7704.0,0.859182,603864.6505038206
7705.0,0.8308260000000001,583875.6230432529
7706.0,0.8188880000000001,575427.4508183021
7707.0,0.8344870000000001,586329.068575162
7708.0,0.8709959999999999,611918.7618978131
7709.0,0.8792549999999999,617658.1702966581
7710.0,0.848082,595699.0422381285
7711.0,0.816225,573263.958162564
7712.0,0.804473,564952.4344951021
7713.0,0.808821,567947.8680840653
7714.0,0.808955,567983.9178327444
7715.0,0.7779010000000001,546124.4277535243
7716.0,0.74946,526103.6394520864
7717.0,0.767599,538781.6541649029
7718.0,0.805072,565026.2830342838
7719.0,0.8549530000000001,599972.9551406739
7720.0,0.9092370000000001,638001.9660151909
7721.0,0.915071,642029.7741014068
7722.0,0.8752270000000001,614011.5221930096
7723.0,0.8291360000000001,581616.8777625927
7724.0,0.815649,572097.3398914401
7725.0,0.8263659999999999,579554.6964631628
7726.0,0.812327,569650.1602202728
7727.0,0.804766,564289.902029614
7728.0,0.847463,594167.2435598362
7729.0,0.8679479999999999,608466.8803564527
7730.0,0.8320770000000001,583259.7534704998
7731.0,0.806493,565267.9043315977
7732.0,0.81838,573540.3036500735
7733.0,0.8495530000000001,595325.6564325164
7734.0,0.887207,621647.57779348
7735.0,0.8618549999999999,603821.5843251818
7736.0,0.752033,526825.0842266945
7737.0,0.6959390000000001,487478.8952247209
7738.0,0.751135,526087.1768952019
7739.0,0.8298979999999999,581191.8111480076
7740.0,0.8731049999999999,611387.1021477953
7741.0,0.8562280000000001,599506.9597746371
7742.0,0.7613489999999999,533020.078159137
7743.0,0.699388,489590.4349585444
7744.0,0.768726,538073.0700213428
7745.0,0.865823,605973.6235297441
7746.0,0.8780190000000001,614445.5594300242
7747.0,0.800198,559927.539705011
7748.0,0.7002970000000001,489972.24692480464
7749.0,0.660583,462137.7382526234
7750.0,0.719108,503028.9330805049
7751.0,0.815376,570310.7403393302
7752.0,0.8510120000000001,595174.1619950035
7753.0,0.800154,559547.1680659291
7754.0,0.72942,510029.7420951611
7755.0,0.700996,490103.79659159173
7756.0,0.76343,533699.0359557347
7757.0,0.8553629999999999,597905.1625786448
7758.0,0.8442639999999999,590085.222354207
7759.0,0.790021,552115.2023107647
7760.0,0.777121,543043.0935165037
7761.0,0.7548779999999999,527444.7524023628
7762.0,0.7513270000000001,524908.6610082615
7763.0,0.779888,544805.5129653643
7764.0,0.774817,541206.354650634
7765.0,0.789606,551478.5877124026
7766.0,0.810072,565713.160906866
7767.0,0.759073,530042.4214744226
7768.0,0.7230439999999999,504831.2304283783
7769.0,0.730341,509872.45294212404
7770.0,0.709937,495575.73706024187
7771.0,0.6983020000000001,487402.6047836076
7772.0,0.713499,497957.4587447525
7773.0,0.688581,480516.3829496895
7774.0,0.623141,434804.2296429544
7775.0,0.6219100000000001,433899.57044864673
7776.0,0.699341,487870.87810030783
7777.0,0.7810600000000001,544821.835028342
7778.0,0.796671,555652.5306996402
7779.0,0.703146,490370.07265392115
7780.0,0.590875,412029.39311891317
7781.0,0.62022,432446.5776116027
7782.0,0.725639,505896.187401714
7783.0,0.783655,546285.6213031963
7784.0,0.7497090000000001,522566.5825551801
7785.0,0.635365,442818.9759220987
7786.0,0.5760390000000001,401429.0782261741
7787.0,0.645379,449702.96688844374
7788.0,0.715382,498428.5287275634
7789.0,0.6937979999999999,483339.0298997932
7790.0,0.6622979999999999,461345.3875296288
7791.0,0.666449,464187.6215713622
7792.0,0.708164,493190.1028866697
7793.0,0.752306,523876.4600605532
7794.0,0.739528,514923.6155214237
7795.0,0.694865,483773.89838272386
7796.0,0.635648,442499.17589550227
7797.0,0.552441,384534.6219121861
7798.0,0.502626,349822.90144508047
7799.0,0.44727799999999995,311268.0500172787
7800.0,0.398863,277545.67087811645
7801.0,0.419729,292033.9613928054
7802.0,0.44116000000000005,306912.20974511036
7803.0,0.419842,292050.2306616472
7804.0,0.404416,281289.5590860789
7805.0,0.419446,291712.4266382935
7806.0,0.44983599999999996,312814.3371406749
7807.0,0.43450600000000006,302121.5926620574
7808.0,0.36436999999999997,253327.37620390402
7809.0,0.314227,218442.1863731276
7810.0,0.294219,204511.25423924514
7811.0,0.291682,202726.06296011503
7812.0,0.335057,232847.77428261822
7813.0,0.44590799999999997,309850.41070859815
7814.0,0.592359,411571.4098368701
7815.0,0.7476149999999999,519387.6121922338
7816.0,0.8817020000000001,612475.5532424157
7817.0,0.938204,651654.7172266663
7818.0,0.9390129999999999,652146.5136603512
7819.0,0.9378129999999999,651243.0597982384
7820.0,0.921818,640066.8124045824
7821.0,0.87554,607868.1125225438
7822.0,0.7778149999999999,539961.6388233253
7823.0,0.6095119999999999,423079.5701338638
7824.0,0.521282,361797.61772704654
7825.0,0.583677,405059.39775445376
7826.0,0.696118,483038.9297099038
7827.0,0.7852979999999999,544862.4472655535
7828.0,0.818195,567626.0271481309
7829.0,0.81797,567408.6186071524
7830.0,0.8243969999999999,571805.0764677841
7831.0,0.849251,588980.2079904745
7832.0,0.860044,596400.9318083525
7833.0,0.840324,582662.9424854784
7834.0,0.8241229999999999,571367.6285239651
7835.0,0.842849,584287.1258548835
7836.0,0.8578879999999999,594648.1305076488
7837.0,0.8072779999999999,559506.9483592873
7838.0,0.7345619999999999,509053.8259825545
7839.0,0.690703,478607.4450154732
7840.0,0.667832,462709.2388981319
7841.0,0.687862,476535.30476945173
7842.0,0.7415229999999999,513654.60446881683
7843.0,0.764548,529546.4862819852
7844.0,0.791057,547847.728921234
7845.0,0.8443799999999999,584713.01143524
7846.0,0.852799,590478.669533931
7847.0,0.822011,569099.0369023012
7848.0,0.8185,566606.5283593332
7849.0,0.858497,594229.653023449
7850.0,0.848176,587021.6844887461
7851.0,0.762357,527568.871616469
7852.0,0.6870189999999999,475381.3097047431
7853.0,0.690349,477633.3227823945
7854.0,0.7150989999999999,494703.0994237325
7855.0,0.696453,481751.18916192837
7856.0,0.690987,477917.96817027195
7857.0,0.734061,507654.35047472565
7858.0,0.749581,518330.7680358988
7859.0,0.7180949999999999,496504.0089674222
7860.0,0.7295689999999999,504382.0762704942
7861.0,0.785374,542902.932951372
7862.0,0.775315,535890.7104631364
7863.0,0.719413,497197.20326292585
7864.0,0.743045,513473.2745309038
7865.0,0.803435,555144.1740130181
7866.0,0.779501,538547.4907034511
7867.0,0.736367,508690.8397860312
7868.0,0.767039,529821.1543603236
7869.0,0.7859970000000001,542856.4029539799
7870.0,0.742822,512980.71778615133
7871.0,0.714383,493286.89811989403
7872.0,0.722402,498769.1394727745
7873.0,0.726061,501240.19315310585
7874.0,0.701088,483946.5927694404
7875.0,0.682513,471072.69705754536
7876.0,0.702004,484471.99158613407
7877.0,0.734863,507092.90081450116
7878.0,0.762458,526076.7581545335
7879.0,0.7814949999999999,539152.2392184619
7880.0,0.778551,537061.8152999482
7881.0,0.774702,534347.6012118446
7882.0,0.7601760000000001,524270.3520538138
7883.0,0.733881,506079.4768028878
7884.0,0.733201,505554.5767662946
7885.0,0.736962,508091.568688549
7886.0,0.745478,513905.89522230363
7887.0,0.7595729999999999,523564.4391938289
7888.0,0.781084,538332.0019364982
7889.0,0.779113,536913.9898602731
7890.0,0.757799,522167.8028380945
7891.0,0.757151,521663.35928909073
7892.0,0.768975,529751.0246933212
7893.0,0.769063,529752.7661105973
7894.0,0.751204,517393.43903582776
7895.0,0.740326,509844.47444557794
7896.0,0.758057,521997.28771191253
7897.0,0.790213,544079.299366713
7898.0,0.801187,551573.7053871149
7899.0,0.784634,540117.677015368
7900.0,0.779621,536607.0618757975
7901.0,0.818099,563028.3759189473
7902.0,0.8559690000000001,589025.3744091608
7903.0,0.8496370000000001,584602.8254249926
7904.0,0.825092,567650.9573692789
7905.0,0.822693,565937.2566101445
7906.0,0.8429639999999999,579817.0411404747
7907.0,0.8607450000000001,591981.1800439362
7908.0,0.86556,595226.1370203136
7909.0,0.863453,593710.761614634
7910.0,0.874584,601297.1273338788
7911.0,0.901307,619600.4259386894
7912.0,0.920273,632567.6619169035
7913.0,0.9140729999999999,628235.5504408223
7914.0,0.886036,608897.6486423911
7915.0,0.8528040000000001,585994.3640426041
7916.0,0.844576,580275.4638654357
7917.0,0.852201,585448.5726328092
7918.0,0.869909,597546.5681292694
7919.0,0.9100729999999999,625065.2603797636
7920.0,0.935514,642466.6721743684
7921.0,0.922344,633350.9104598663
7922.0,0.912222,626329.9128310812
7923.0,0.932075,639888.9205509344
7924.0,0.94586,649279.4984742221
7925.0,0.9337030000000001,640862.2102781167
7926.0,0.914956,627924.136925879
7927.0,0.9030610000000001,619690.8641112096
7928.0,0.915384,628076.2077072944
7929.0,0.931544,639092.0222072265
7930.0,0.9300149999999999,637971.0253235493
7931.0,0.939751,644576.9279601598
7932.0,0.957569,656724.1328713123
7933.0,0.95704,656287.1569739054
7934.0,0.935315,641316.7943763275
7935.0,0.9107649999999999,624412.9826973715
7936.0,0.921091,631420.9513886005
7937.0,0.9556530000000001,655039.5380860635
7938.0,0.971937,666125.7471012237
7939.0,0.963995,660607.7801145125
7940.0,0.9481930000000001,649705.3237918437
7941.0,0.930318,637385.0346265509
7942.0,0.912267,624946.9335735039
7943.0,0.9011,617226.9549407107
7944.0,0.9083110000000001,622095.6518750396
7945.0,0.9376459999999999,642114.0539987237
7946.0,0.956568,654997.7025335521
7947.0,0.948535,649423.3910534584
7948.0,0.939099,642889.8407960377
7949.0,0.9382860000000001,642260.2139072246
7950.0,0.9335620000000001,638953.9033407063
7951.0,0.939535,642968.7770258447
7952.0,0.954987,653468.8935160415
7953.0,0.955714,653891.852909579
7954.0,0.938826,642264.0094890061
7955.0,0.927216,634249.1213320337
7956.0,0.9392790000000001,642427.3610762011
7957.0,0.95636,654035.406709657
7958.0,0.960844,657026.9124795295
7959.0,0.954155,652378.4510519935
7960.0,0.9478049999999999,647962.7691974763
7961.0,0.934616,638873.1402733625
7962.0,0.927891,634203.6272591933
7963.0,0.940378,642664.8407527852
7964.0,0.946025,646450.0831915194
7965.0,0.9471129999999999,647119.4630236517
7966.0,0.9512719999999999,649886.6868523799
7967.0,0.9443590000000001,645089.9750831708
7968.0,0.9210459999999999,629092.797607596
7969.0,0.9084110000000001,620391.7016545262
7970.0,0.920425,628524.462771131
7971.0,0.9373739999999999,640024.8650772579
7972.0,0.954292,651501.4265723092
7973.0,0.9630540000000001,657407.7995006238
7974.0,0.964572,658368.3869552633
7975.0,0.9632729999999999,657406.1936199062
7976.0,0.962118,656542.447761242
7977.0,0.967825,660360.903511652
7978.0,0.9768899999999999,666469.3903669617
7979.0,0.981447,669501.2673088978
7980.0,0.977816,666947.5461760247
7981.0,0.9605969999999999,655127.355610114
7982.0,0.939102,640393.9537518314
7983.0,0.945944,644985.2960151865
7984.0,0.96835,660186.5226111085
7985.0,0.9778290000000001,666572.0529551568
7986.0,0.975542,664936.2826590199
7987.0,0.970051,661117.2346547005
7988.0,0.963942,656877.8944708742
7989.0,0.955722,651201.1217820109
7990.0,0.95519,650763.3970715473
7991.0,0.9652059999999999,657511.1738334703
7992.0,0.971258,661557.3344489963
7993.0,0.9652850000000001,657412.8259517888
7994.0,0.949707,646728.4564060763
7995.0,0.942838,641976.4639944439
7996.0,0.9499620000000001,646752.2364323281
7997.0,0.959675,653289.3008402593
7998.0,0.96704,658226.6193022844
7999.0,0.968158,658911.1571717376
8000.0,0.954543,649569.6432674436
8001.0,0.9321959999999999,634288.7952816938
8002.0,0.93891,638782.9726632411
8003.0,0.9667889999999999,657673.9038308549
8004.0,0.981463,667578.5355869395
8005.0,0.9822559999999999,668040.2459498397
8006.0,0.977605,664799.7325964958
8007.0,0.973375,661846.1936622531
8008.0,0.9717790000000001,660684.0833981277
8009.0,0.977456,664466.3295380004
8010.0,0.9821540000000001,667582.2180279025
8011.0,0.976433,663616.2441508269
8012.0,0.9709030000000001,659780.9512525096
8013.0,0.9699629999999999,659065.3034435083
8014.0,0.965733,656114.5736899759
8015.0,0.960519,652496.0476471971
8016.0,0.963794,654644.3701046779
8017.0,0.965576,655778.171066484
8018.0,0.9628030000000001,653818.468509345
8019.0,0.967253,656763.5944326214
8020.0,0.9710850000000001,659288.4218760465
8021.0,0.965844,655653.5059293337
8022.0,0.949851,644721.3695203306
8023.0,0.945023,641369.2290251056
8024.0,0.955799,648606.7360235921
8025.0,0.963397,653686.1672791414
8026.0,0.967023,656069.5968218845
8027.0,0.9570489999999999,649226.6923598457
8028.0,0.93885,636806.4733814732
8029.0,0.937011,635484.5477743011
8030.0,0.9490190000000001,643552.883688728
8031.0,0.952392,645764.3724528642
8032.0,0.9438549999999999,639900.7406416297
8033.0,0.9146989999999999,620061.1299014046
8034.0,0.8951110000000001,606711.3917298922
8035.0,0.9148120000000001,619991.9367007521
8036.0,0.9460729999999999,641102.9145778993
8037.0,0.9720190000000001,658607.6223689563
8038.0,0.984358,666889.6088954342
8039.0,0.984972,667227.009271575
8040.0,0.979316,663317.4499410973
8041.0,0.970944,657569.3697357508
8042.0,0.972159,658314.6129561944
8043.0,0.977712,661996.8496494717
8044.0,0.972416,658333.3211903222
8045.0,0.96793,655218.9313055996
8046.0,0.975142,660023.0082378455
8047.0,0.978383,662138.4667064735
8048.0,0.95542,646521.4498233385
8049.0,0.910065,615757.4749035749
8050.0,0.901867,610138.497322125
8051.0,0.938817,635061.0984725095
8052.0,0.9567260000000001,647099.040675352
8053.0,0.9444020000000001,638687.8776681644
8054.0,0.929848,628770.7255488905
8055.0,0.9379790000000001,634193.8495772884
8056.0,0.956354,646541.0871166826
8057.0,0.973223,657867.3541840437
8058.0,0.9801209999999999,662451.623374888
8059.0,0.979858,662195.3106885641
8060.0,0.9804069999999999,662487.7116853265
8061.0,0.981719,663295.5243162353
8062.0,0.973598,657730.4858378603
8063.0,0.9516540000000001,642829.4811220859
8064.0,0.943892,637510.5923095102
8065.0,0.9642069999999999,651154.0597054551
8066.0,0.983799,664306.0435433219
8067.0,0.9906860000000001,668876.885367784
8068.0,0.990273,668518.4809397487
8069.0,0.986574,665942.0585631032
8070.0,0.971067,655396.705880365
8071.0,0.9390430000000001,633707.4313400798
8072.0,0.9269,625438.2615296846
8073.0,0.9546479999999999,644084.8082267472
8074.0,0.9800479999999999,661142.9053926603
8075.0,0.9830780000000001,663107.8368618457
8076.0,0.9781350000000001,659694.9390249213
8077.0,0.9782549999999999,659697.1087293124
8078.0,0.982936,662774.6342261771
8079.0,0.983453,663044.0182928478
8080.0,0.9790280000000001,659981.8022595106
8081.0,0.9779709999999999,659190.4437499095
8082.0,0.9752280000000001,657262.943642386
8083.0,0.9615020000000001,647934.6696951629
8084.0,0.9560219999999999,644164.721111752
8085.0,0.968881,652750.9218160743
8086.0,0.9804379999999999,660457.956051071
8087.0,0.984908,663389.6231664836
8088.0,0.9813440000000001,660909.8586828592
8089.0,0.969037,652543.1723965486
8090.0,0.961621,647471.6280289679
8091.0,0.968483,652013.6690864427
8092.0,0.9727520000000001,654809.1026116208
8093.0,0.975348,656477.781583207
8094.0,0.983109,661622.0135420883
8095.0,0.9890209999999999,665520.7644721187
8096.0,0.9911620000000001,666881.3075962006
8097.0,0.9910389999999999,666718.3872284691
8098.0,0.990825,666494.2559332089
8099.0,0.990296,666058.2767859973
8100.0,0.9862200000000001,663236.993065383
8101.0,0.979757,658811.2771710271
8102.0,0.970608,652580.6789377726
8103.0,0.9658180000000001,649281.9313107317
8104.0,0.975139,655469.0761668939
8105.0,0.984633,661770.9659531408
8106.0,0.98711,663355.7482611705
8107.0,0.987936,663830.7430996245
8108.0,0.989757,664974.0827080305
8109.0,0.990999,665728.1514352489
8110.0,0.990042,665004.9463727218
8111.0,0.9880969999999999,663618.3255489614
8112.0,0.9877670000000001,663316.5257546144
8113.0,0.9879290000000001,663345.1152466257
8114.0,0.988959,663956.4089641455
8115.0,0.98851,663574.68302293
8116.0,0.9847959999999999,661001.5229276089
8117.0,0.983848,660285.2812403307
8118.0,0.9833629999999999,659879.8694243719
8119.0,0.9820030000000001,658887.4264996068
8120.0,0.983757,659984.3120007678
8121.0,0.987191,662207.8389510653
8122.0,0.989762,663851.959478804
8123.0,0.991024,664617.7797701046
8124.0,0.9907229999999999,664335.2980366952
8125.0,0.988334,662652.8966930015
8126.0,0.986625,661426.7342325681
8127.0,0.984775,660106.3186935704
8128.0,0.9758319999999999,654032.2431059262
8129.0,0.9640040000000001,646026.2276469262
8130.0,0.968814,649170.704408088
8131.0,0.982915,658539.2195205913
8132.0,0.9870530000000001,661231.1610943513
8133.0,0.985253,659945.0024502403
8134.0,0.984187,659150.7102910987
8135.0,0.982543,657969.5115159092
8136.0,0.9800979999999999,656252.231741133
8137.0,0.980614,656517.713279879
8138.0,0.9843129999999999,658913.8413728151
8139.0,0.987641,661061.0258559869
8140.0,0.989701,662359.0387036172
8141.0,0.9913780000000001,663400.4058893463
8142.0,0.9909600000000001,663039.7420225876
8143.0,0.990281,662504.5186601563
8144.0,0.989223,661715.8667038023
8145.0,0.9839399999999999,658101.5084784139
8146.0,0.9770840000000001,653436.0355029346
8147.0,0.976749,653132.1266202134
8148.0,0.981234,656050.8972405782
8149.0,0.985418,658767.6940359552
8150.0,0.9861540000000001,659179.0283646169
8151.0,0.9815440000000001,656017.2139144251
8152.0,0.9771639999999999,653009.8396575858
8153.0,0.976518,652498.1821656444
8154.0,0.973994,650731.9095488255
8155.0,0.971208,648791.0113987151
8156.0,0.969255,647406.9496871429
8157.0,0.9695360000000001,647515.1929305102
8158.0,0.9775520000000001,652788.6439234343
8159.0,0.986641,658777.2031654075
8160.0,0.990203,661074.347521865
8161.0,0.989419,660469.792830961
8162.0,0.987084,658830.1337828769
8163.0,0.985927,657977.0018858497
8164.0,0.9872120000000001,658753.5578153842
8165.0,0.987555,658901.3794933499
8166.0,0.982425,655397.9661708949
8167.0,0.9745540000000001,650067.0207994801
8168.0,0.9723450000000001,648513.6704851902
8169.0,0.9749969999999999,650202.3524343976
8170.0,0.97508,650177.5884665592
8171.0,0.9777610000000001,651884.9123094758
8172.0,0.982505,654967.0364518497
8173.0,0.9833729999999999,655464.8263048725
8174.0,0.983418,655413.9563184459
8175.0,0.9830200000000001,655067.8550908925
8176.0,0.981791,654168.1072673303
8177.0,0.9797379999999999,652719.5815386305
8178.0,0.97651,650488.6676107697
8179.0,0.974859,649308.63607627
8180.0,0.975224,649471.4591510614
8181.0,0.973671,648357.0307082223
8182.0,0.971161,646605.6650483194
8183.0,0.9739190000000001,648361.7337468105
8184.0,0.977632,650753.0204477948
8185.0,0.980693,652709.7345132898
8186.0,0.983994,654825.6427345502
8187.0,0.985598,655811.8158409686
8188.0,0.986526,656347.9574161919
8189.0,0.9864209999999999,656196.7475842412
8190.0,0.984208,654643.4084821905
8191.0,0.981408,652700.025626556
8192.0,0.980952,652315.8078579127
8193.0,0.9811840000000001,652389.1007792624
8194.0,0.9799549999999999,651491.041661866
8195.0,0.9785010000000001,650443.604548218
8196.0,0.97596,648673.9151093089
8197.0,0.973815,647167.7994433395
8198.0,0.9763290000000001,648757.8673631705
8199.0,0.9813729999999999,652028.44728789
8200.0,0.984467,654002.7507971321
8201.0,0.9827239999999999,652763.6032722491
8202.0,0.9744010000000001,647154.5798804845
8203.0,0.967527,642509.1602357277
8204.0,0.9723629999999999,645640.195969678
8205.0,0.979358,650203.7941765162
8206.0,0.9796030000000001,650285.397842196
8207.0,0.974972,647130.5362925044
8208.0,0.9702139999999999,643892.1412787135
8209.0,0.970081,643723.5630918522
8210.0,0.974601,646642.2309143182
8211.0,0.978253,648984.2937866036
8212.0,0.977859,648641.9087147748
8213.0,0.971774,644525.0418207718
8214.0,0.962622,638375.2475038896
8215.0,0.9631649999999999,638655.5165268034
8216.0,0.9753809999999999,646674.846692893
8217.0,0.984582,652693.449818607
8218.0,0.986778,654067.3784199087
8219.0,0.9863850000000001,653725.0720388176
8220.0,0.985936,653345.7064770368
8221.0,0.984347,652211.0563297718
8222.0,0.9824440000000001,650868.6300259996
8223.0,0.9841530000000001,651919.1529000627
8224.0,0.98762,654133.75925392
8225.0,0.989176,655082.2143445727
8226.0,0.988132,654308.7608485104
8227.0,0.9860540000000001,652850.8706356334
8228.0,0.9851129999999999,652146.0061360489
8229.0,0.9856659999999999,652430.1888002331
8230.0,0.985424,652188.105849811
8231.0,0.982418,650116.9660700731
8232.0,0.9789950000000001,647770.3954450206
8233.0,0.9758540000000001,645610.9464898015
8234.0,0.973806,644175.0274839264
8235.0,0.971197,642368.3784098992
8236.0,0.964084,637583.4914167636
8237.0,0.965468,638418.438977989
8238.0,0.979669,647727.3524537585
8239.0,0.9895440000000001,654174.0277181721
8240.0,0.990763,654897.4013401108
8241.0,0.989416,653924.6370337416
8242.0,0.989123,653648.604142946
8243.0,0.9899709999999999,654126.524873435
8244.0,0.991266,654899.6091505926
8245.0,0.9932350000000001,656117.6983606715
8246.0,0.995099,657266.0919328082
8247.0,0.9962620000000001,657951.2058293652
8248.0,0.996235,657850.3107974437
8249.0,0.9947790000000001,656805.9040324257
8250.0,0.993265,655723.4357534883
8251.0,0.992288,654995.6718861647
8252.0,0.9918620000000001,654631.7181441664
8253.0,0.9909959999999999,653977.4565535557
8254.0,0.9898899999999999,653164.9645112322
8255.0,0.991718,654288.3563835125
8256.0,0.993777,655563.8122043536
8257.0,0.994509,655963.6399566283
8258.0,0.9952799999999999,656389.0516754002
8259.0,0.995394,656381.082397619
8260.0,0.9933709999999999,654964.0812722857
8261.0,0.987915,651284.1944448977
8262.0,0.9799200000000001,645931.5787122956
8263.0,0.973937,641906.3626783371
8264.0,0.9744139999999999,642139.2760999363
8265.0,0.9817790000000001,646910.7150461696
8266.0,0.989296,651781.0507919983
8267.0,0.9932040000000001,654272.6878443598
8268.0,0.994807,655245.4320684101
8269.0,0.9952540000000001,655456.5729204535
8270.0,0.9939600000000001,654521.1789783802
8271.0,0.989708,651638.3966405818
8272.0,0.98434,648021.6147849547
8273.0,0.9837469999999999,647548.8490617957
8274.0,0.988877,650842.8390816364
8275.0,0.991665,652594.732925608
8276.0,0.9921280000000001,652816.3049611755
8277.0,0.994189,654089.1293324166
8278.0,0.9935860000000001,653609.1394166552
8279.0,0.986095,648598.6917219295
8280.0,0.979477,644163.6240887766
8281.0,0.983678,646843.9775842298
8282.0,0.987563,649315.8450800077
8283.0,0.984115,646966.2655062506
8284.0,0.984345,647034.8933238344
8285.0,0.989661,650446.1988245811
8286.0,0.990928,651195.7678449478
8287.0,0.9894200000000001,650121.7314249263
8288.0,0.987668,648887.6291154138
8289.0,0.9853790000000001,647301.0490982804
8290.0,0.9874790000000001,648597.630415902
8291.0,0.9917790000000001,651338.6685002209
8292.0,0.992241,651558.7337921889
8293.0,0.9908520000000001,650563.3974513267
8294.0,0.990265,650094.7825645532
8295.0,0.9905719999999999,650213.0759607962
8296.0,0.990491,650076.65312123
8297.0,0.987869,648272.7411633958
8298.0,0.983058,645032.9456586004
8299.0,0.983416,645185.1477177428
8300.0,0.989416,649038.3224231806
8301.0,0.9933280000000001,651520.9613164862
8302.0,0.9933709999999999,651465.5882922633
8303.0,0.988434,648144.6651941149
8304.0,0.976442,640198.9867319711
8305.0,0.9677899999999999,634444.8859635156
8306.0,0.9739459999999999,638398.5220562341
8307.0,0.984037,644930.0765221574
8308.0,0.9900700000000001,648800.6790532197
8309.0,0.9921200000000001,650060.4964306431
8310.0,0.990825,649128.5139786282
8311.0,0.989133,647936.6797506447
8312.0,0.988922,647715.1295272451
8313.0,0.988092,647088.2270450204
8314.0,0.9842049999999999,644459.7208027414
8315.0,0.982992,643582.5729856768
8316.0,0.987701,646582.357606458
8317.0,0.990876,648577.2564172095
8318.0,0.9906959999999999,648375.8766147726
8319.0,0.989923,647786.4665517932
8320.0,0.9900969999999999,647816.7926395425
8321.0,0.9891030000000001,647082.9570163455
8322.0,0.98274,642837.2657719344
8323.0,0.972585,636112.504529873
8324.0,0.9692149999999999,633826.5548394823
8325.0,0.9764010000000001,638443.458159018
8326.0,0.9834209999999999,642950.6062067127
8327.0,0.9860209999999999,644567.1783367429
8328.0,0.986376,644715.9197865669
8329.0,0.986658,644816.8804821464
8330.0,0.9870969999999999,645020.3728658224
8331.0,0.985124,643647.8564232963
8332.0,0.982391,641779.1660129693
8333.0,0.9812709999999999,640964.5340095261
8334.0,0.9813850000000001,640956.02129045
8335.0,0.9821780000000001,641390.8836754919
8336.0,0.9844860000000001,642814.8105795054
8337.0,0.9870760000000001,644422.4411518702
8338.0,0.9859040000000001,643573.8800280804
8339.0,0.980543,639991.3831231141
8340.0,0.9771299999999999,637681.0580183347
8341.0,0.9775870000000001,637896.556668855
8342.0,0.978057,638120.4474097737
8343.0,0.9785010000000001,638327.2852077067
8344.0,0.9822379999999999,640681.9525984064
8345.0,0.9844219999999999,642023.1349030462
8346.0,0.9820030000000001,640362.3273098646
8347.0,0.98062,639377.4032706503
8348.0,0.980211,639027.6799879038
8349.0,0.9806159999999999,639208.614894457
8350.0,0.982988,640671.4794305572
8351.0,0.981342,639515.5018687117
8352.0,0.978035,637277.5008767719
8353.0,0.978248,637333.3458184414
8354.0,0.9768129999999999,636315.6023743349
8355.0,0.973088,633806.5326290971
8356.0,0.97283,633555.9682005894
8357.0,0.9732559999999999,633750.8329775052
8358.0,0.9657629999999999,628789.7051280371
8359.0,0.933322,607588.7915903719
8360.0,0.8517790000000001,554432.3400617557
8361.0,0.765443,498170.3111740905
8362.0,0.7949609999999999,517313.9070424672
8363.0,0.899167,585048.7010218811
8364.0,0.9588770000000001,623817.9613768278
8365.0,0.973234,633075.5550508137
8366.0,0.9751129999999999,634214.9878204075
8367.0,0.9777309999999999,635834.6736342132
8368.0,0.982201,638658.1318447834
8369.0,0.984073,639791.7377520822
8370.0,0.9732,632639.9782942929
8371.0,0.951571,618498.9070959566
8372.0,0.947602,615838.5878273685
8373.0,0.967081,628415.596946491
8374.0,0.98087,637292.3663200868
8375.0,0.981663,637724.1029450322
8376.0,0.980457,636857.2398297621
8377.0,0.9771139999999999,634602.6608102815
8378.0,0.971397,630807.0080866216
8379.0,0.976036,633736.4280049829
8380.0,0.985333,639689.0720007268
8381.0,0.985332,639604.548979982
8382.0,0.9801780000000001,636175.5074590773
8383.0,0.9743209999999999,632291.1163610639
8384.0,0.9718,630572.3433969985
8385.0,0.97721,633999.5049788737
8386.0,0.9817870000000001,636885.3664737681
8387.0,0.9830209999999999,637602.1170846358
8388.0,0.982807,637379.5750493457
8389.0,0.976844,633429.1505867335
8390.0,0.958492,621447.2078315632
8391.0,0.941916,610619.7172153158
8392.0,0.9561360000000001,619756.6647093807
8393.0,0.982125,636518.7074436462
8394.0,0.9931139999999999,643556.0327428415
8395.0,0.9949979999999999,644692.0425433497
8396.0,0.995296,644800.2332366584
8397.0,0.994757,644366.1847052196
8398.0,0.991885,642421.1862711414
8399.0,0.984246,637389.5968499852
8400.0,0.977463,632913.5655892873
8401.0,0.9807389999999999,634951.0896642895
8402.0,0.9836309999999999,636739.4665873345
8403.0,0.9799899999999999,634298.8523311361
8404.0,0.9809709999999999,634850.0452533173
8405.0,0.9871840000000001,638786.5799277888
8406.0,0.9904799999999999,640834.7605134808
8407.0,0.9899379999999999,640399.5313778142
8408.0,0.9883040000000001,639258.0528367007
8409.0,0.985215,637175.8389876588
8410.0,0.9804120000000001,633985.7799255552
8411.0,0.978251,632504.7608324921
8412.0,0.981418,634468.5536638803
8413.0,0.985381,636946.3255168987
8414.0,0.9888879999999999,639128.6914084111
8415.0,0.9930690000000001,641746.0024373288
8416.0,0.9947090000000001,642720.7471951847
8417.0,0.990309,639793.0347944252
8418.0,0.975992,630459.9956523123
8419.0,0.956098,617527.3067038684
8420.0,0.944832,610169.950526699
8421.0,0.952809,615239.9428277066
8422.0,0.9682459999999999,625124.9306015016
8423.0,0.962424,621283.7189757241
8424.0,0.9526040000000001,614862.9648363207
8425.0,0.9679200000000001,624665.8854098398
8426.0,0.9862879999999999,636435.5788217592
8427.0,0.9913049999999999,639588.0765208552
8428.0,0.9921479999999999,640047.005066717
8429.0,0.9934290000000001,640788.3003804518
8430.0,0.9925510000000001,640136.9378417865
8431.0,0.989677,638198.5838000092
8432.0,0.981524,632856.9723553773
8433.0,0.9564360000000001,616599.0236722828
8434.0,0.9346059999999999,602445.4665679355
8435.0,0.95045,612577.0100068249
8436.0,0.973499,627348.922684589
8437.0,0.977403,629780.9618334889
8438.0,0.96841,623903.3595373506
8439.0,0.9588840000000001,617683.9471513114
8440.0,0.9640799999999999,620948.3613083634
8441.0,0.978439,630112.8283782654
8442.0,0.9887670000000001,636679.2112638352
8443.0,0.9937790000000001,639821.2301381278
8444.0,0.995791,641031.156627281
8445.0,0.99556,640797.0097233438
8446.0,0.994009,639713.3811525283
8447.0,0.9946209999999999,640021.862727835
8448.0,0.996458,641118.3907353996
8449.0,0.996236,640890.0148574198
8450.0,0.9947,639816.4685536292
8451.0,0.9946950000000001,639727.8227970655
8452.0,0.9963059999999999,640678.3427089339
8453.0,0.997425,641312.2355531869
8454.0,0.9972219999999999,641096.0360841986
8455.0,0.9927540000000001,638138.3363348468
8456.0,0.972699,625163.4721219417
8457.0,0.9407,604516.5423120573
8458.0,0.9412729999999999,604803.8579579154
8459.0,0.9731270000000001,625187.613960055
8460.0,0.9920770000000001,637276.789020482
8461.0,0.9959040000000001,639649.4909705896
8462.0,0.9966450000000001,640039.7133000887
8463.0,0.997167,640289.1765648684
8464.0,0.996166,639560.7402567863
8465.0,0.9926149999999999,637195.528925464
8466.0,0.990369,635668.5332842525
8467.0,0.9923290000000001,636841.1743817221
8468.0,0.994634,638234.8473469814
8469.0,0.995036,638407.1641884147
8470.0,0.9942,637785.2177174862
8471.0,0.9943799999999999,637815.0880423004
8472.0,0.99559,638505.4914648372
8473.0,0.995928,638636.5088713106
8474.0,0.9955280000000001,638294.2811685181
8475.0,0.995498,638189.3106228656
8476.0,0.996179,638540.0790092809
8477.0,0.9965700000000001,638704.8585466592
8478.0,0.9950450000000001,637641.7557394219
8479.0,0.992007,635609.4803847615
8480.0,0.9866870000000001,632115.7679278125
8481.0,0.974831,624436.2726585451
8482.0,0.965988,618688.5547556203
8483.0,0.970248,621333.3311461924
8484.0,0.9779450000000001,626178.0745601354
8485.0,0.9832059999999999,629461.9210087821
8486.0,0.987821,632331.3285710077
8487.0,0.9918899999999999,634850.4683669881
8488.0,0.9930969999999999,635537.3458836982
8489.0,0.991614,634502.7590445582
8490.0,0.9839700000000001,629526.7191850912
8491.0,0.975722,624165.6125393525
8492.0,0.9785,625858.2584864367
8493.0,0.9800989999999999,626796.4175810997
8494.0,0.976773,624585.0629986
8495.0,0.9826540000000001,628260.7777484512
8496.0,0.990402,633128.97519724
8497.0,0.991735,633895.4969308657
8498.0,0.9881030000000001,631488.6877317397
8499.0,0.979814,626106.6474952789
8500.0,0.9772620000000001,624391.5096087077
8501.0,0.9811350000000001,626781.3048601717
8502.0,0.9844440000000001,628810.1690557401
8503.0,0.988662,631418.9946361593
8504.0,0.9878680000000001,630826.5508894494
8505.0,0.9740719999999999,621932.6231966375
8506.0,0.9592719999999999,612400.1163614935
8507.0,0.963073,614743.4465740642
8508.0,0.97895,624793.3530392955
8509.0,0.9883959999999999,630736.6172643948
8510.0,0.986873,629679.4123927248
8511.0,0.974475,621684.5523536241
8512.0,0.959463,612024.4033723779
8513.0,0.9564219999999999,610001.8950925842
8514.0,0.959433,611839.3207840411
8515.0,0.9700989999999999,618557.2194622222
8516.0,0.979625,624546.4729760608
8517.0,0.970218,618465.2333158244
8518.0,0.9499489999999999,605462.5732868297
8519.0,0.9532010000000001,607452.7979727966
8520.0,0.974482,620930.3530598138
8521.0,0.9844379999999999,627189.0175921948
8522.0,0.983614,626578.9060860015
8523.0,0.984035,626761.9071104445
8524.0,0.987007,628569.4155235979
8525.0,0.988297,629305.3748709665
8526.0,0.98929,629852.011029259
8527.0,0.990086,630273.059560141
8528.0,0.990605,630517.6518389992
8529.0,0.989656,629827.8944267797
8530.0,0.983742,625978.9427408286
8531.0,0.98009,623570.176877013
8532.0,0.9856,626990.4511259866
8533.0,0.9901780000000001,629816.9501018748
8534.0,0.988751,628823.601039226
8535.0,0.985326,626559.9805946067
8536.0,0.983592,625372.0906819729
8537.0,0.984234,625694.9582648592
8538.0,0.9839610000000001,625436.1038658761
8539.0,0.979389,622445.083618834
8540.0,0.96441,612841.6409837812
8541.0,0.947212,601830.9001311159
8542.0,0.9533309999999999,605636.0543286941
8543.0,0.976082,620004.7421866116
8544.0,0.9878899999999999,627419.4592273311
8545.0,0.989743,628510.4565114997
8546.0,0.990842,629122.3814632334
8547.0,0.990958,629110.0495932581
8548.0,0.9859629999999999,625853.4127035794
8549.0,0.9748319999999999,618703.2577708522
8550.0,0.9654950000000001,612693.4814155126
8551.0,0.9606549999999999,609538.6789317582
8552.0,0.9629,610879.5490467668
8553.0,0.976776,619597.908838201
8554.0,0.9886440000000001,627040.2917301997
8555.0,0.990743,628285.5364172952
8556.0,0.988584,626830.5424030515
8557.0,0.9895280000000001,627343.1622398824
8558.0,0.9907459999999999,628029.2974409513
8559.0,0.988244,626357.4454558829
8560.0,0.986722,625307.067428058
8561.0,0.9887370000000001,626498.1120307057
8562.0,0.988933,626536.3750386563
8563.0,0.9845799999999999,623692.982236449
8564.0,0.9778979999999999,619375.2100330158
8565.0,0.9767399999999999,618556.869643093
8566.0,0.981771,621657.5988958378
8567.0,0.9831629999999999,622453.5465306246
8568.0,0.980728,620826.6526042309
8569.0,0.978824,619536.2651947793
8570.0,0.98125,620986.4522620457
8571.0,0.985582,623642.2607240322
8572.0,0.98593,623776.7168632938
8573.0,0.9838709999999999,622388.4569905418
8574.0,0.9838600000000001,622295.9169649673
8575.0,0.9845299999999999,622634.0475798069
8576.0,0.9840270000000001,622230.3302783545
8577.0,0.9833040000000001,621687.5993381374
8578.0,0.979245,619036.1125002154
8579.0,0.96693,611166.9588103401
8580.0,0.960731,607165.1459733397
8581.0,0.969191,612427.3599175477
8582.0,0.971217,613623.0385980874
8583.0,0.963568,608706.4533531958
8584.0,0.968092,611480.0765005648
8585.0,0.979083,618337.1202520843
8586.0,0.980142,618920.5807013753
8587.0,0.976925,616804.0982580058
8588.0,0.977992,617392.5977708674
8589.0,0.9804299999999999,618846.2777067645
8590.0,0.982766,620235.1522070698
8591.0,0.983719,620750.9053579059
8592.0,0.98255,619927.6357859509
8593.0,0.9830700000000001,620170.0688977459
8594.0,0.983273,620212.4521780255
8595.0,0.981059,618730.448730267
8596.0,0.979642,617751.4033346024
8597.0,0.976699,615810.4520401258
8598.0,0.971909,612705.6308541991
8599.0,0.972269,612847.8239439392
8600.0,0.976459,615403.7673534694
8601.0,0.97959,617291.6409662896
8602.0,0.981915,618671.1283938801
8603.0,0.9815280000000001,618341.7011027727
8604.0,0.9803209999999999,617495.8232367627
8605.0,0.977658,615733.1538792539
8606.0,0.967571,609295.9229177487
8607.0,0.952558,599758.8884458957
8608.0,0.950108,598133.4094985044
8609.0,0.9551040000000001,601195.2754413494
8610.0,0.949528,597602.58380582
8611.0,0.9532950000000001,599890.2289300853
8612.0,0.97004,610342.8833972355
8613.0,0.978975,615879.2885522094
8614.0,0.97949,616117.7874816763
8615.0,0.979189,615842.981392199
8616.0,0.978456,615296.5602320415
8617.0,0.9783930000000001,615171.5274726115
8618.0,0.9790629999999999,615507.313851867
8619.0,0.9785209999999999,615081.1345023783
8620.0,0.977693,614475.2934277675
8621.0,0.9758399999999999,613225.472218046
8622.0,0.9707030000000001,609912.5635298557
8623.0,0.9608620000000001,603645.3368883785
8624.0,0.957362,601362.8951847077
8625.0,0.9626969999999999,604629.954538851
8626.0,0.96236,604334.2233827544
8627.0,0.9538110000000001,598882.3637683516
8628.0,0.9453469999999999,593485.3542989752
8629.0,0.9448059999999999,593063.1554100111
8630.0,0.957334,600843.4304923149
8631.0,0.971016,609345.6837791187
8632.0,0.975433,612032.2449747
8633.0,0.9745659999999999,611403.0608549991
8634.0,0.974493,611272.0757027601
8635.0,0.977324,612962.4405517587
8636.0,0.976827,612565.3249393837
8637.0,0.9718559999999999,609363.0487938557
8638.0,0.962219,603236.4167628915
8639.0,0.9496459999999999,595271.0771498566
8640.0,0.952348,596881.4947454276
8641.0,0.962313,603042.8635362138
8642.0,0.959619,601270.7038210959
8643.0,0.9577889999999999,600040.292075152
8644.0,0.966723,605552.7354794184
8645.0,0.9733280000000001,609604.9337286506
8646.0,0.974031,609960.0054601717
8647.0,0.97339,609473.4226316215
8648.0,0.9729620000000001,609120.2938269011
8649.0,0.9712280000000001,607949.7301457609
8650.0,0.9621930000000001,602209.9699366436
8651.0,0.952408,596002.4465849051
8652.0,0.9541729999999999,597023.433555056
8653.0,0.957634,599105.1395643156
8654.0,0.9572809999999999,598800.4919782978
8655.0,0.9634889999999999,602599.3767204697
8656.0,0.9712860000000001,607390.8447899785
8657.0,0.973992,608997.7452384371
8658.0,0.9733149999999999,608489.2090718746
8659.0,0.9720190000000001,607593.8582165377
8660.0,0.969735,606081.2315432332
8661.0,0.9635309999999999,602119.3550337636
8662.0,0.9531059999999999,595521.1875972449
8663.0,0.9387620000000001,586476.5083438263
8664.0,0.920406,574928.2553951666
8665.0,0.910221,568486.4827261508
8666.0,0.900633,562419.2985538439
8667.0,0.873296,545271.6065830742
8668.0,0.867556,541611.6181028959
8669.0,0.8983,560726.2431073023
8670.0,0.9380040000000001,585427.5940443068
8671.0,0.940615,586974.726171514
8672.0,0.9130590000000001,569698.8381666901
8673.0,0.917326,572280.7962561679
8674.0,0.957837,597469.9180565474
8675.0,0.987925,616151.2906059211
8676.0,0.996857,621634.6143766035
8677.0,0.998252,622416.9944693092
8678.0,0.99875,622639.917009358
8679.0,0.9989129999999999,622653.9302867515
8680.0,0.9985280000000001,622326.3715272811
8681.0,0.9949459999999999,620006.6444988959
8682.0,0.9758190000000001,608001.9424288076
8683.0,0.938556,584702.2135179288
8684.0,0.930214,579423.7027817491
8685.0,0.9584959999999999,596956.2670413551
8686.0,0.977023,608409.2544641689
8687.0,0.9797790000000001,610039.4922610208
8688.0,0.9683860000000001,602860.8949357171
8689.0,0.9640139999999999,600054.5424459261
8690.0,0.9740479999999999,606214.7624332199
8691.0,0.969026,603004.1883067206
8692.0,0.956421,595076.4168905336
8693.0,0.9601709999999999,597325.3490325265
8694.0,0.967319,601687.2254276954
8695.0,0.968093,602083.6753947678
8696.0,0.9762069999999999,607044.2875981316
8697.0,0.981909,610503.8039342866
8698.0,0.9823569999999999,610696.0902603426
8699.0,0.9855860000000001,612616.8961564692
8700.0,0.9879600000000001,614005.7568535145
8701.0,0.9872709999999999,613490.8449404747
8702.0,0.9835659999999999,611102.1691653725
8703.0,0.9746379999999999,605469.4807387567
8704.0,0.9539549999999999,592536.888260783
8705.0,0.936261,581464.2406968843
8706.0,0.940583,584065.7841569631
8707.0,0.954153,592408.402126232
8708.0,0.9528,591484.64498367
8709.0,0.9565040000000001,593699.9895932266
8710.0,0.971902,603172.0913814794
8711.0,0.9830969999999999,610033.4273346815
8712.0,0.9915459999999999,615189.0780197872
8713.0,0.9960469999999999,617894.1110034391
8714.0,0.9934790000000001,616213.7405775017
8715.0,0.982395,609252.4439904051
8716.0,0.9717389999999999,602558.486236255
8717.0,0.975994,605111.1383308057
8718.0,0.988593,612835.5396844511
8719.0,0.9958020000000001,617216.8967023812
8720.0,0.997624,618258.4901534256
8721.0,0.9981270000000001,618482.4488777058
8722.0,0.998344,618529.1212486771
8723.0,0.997717,618052.9200513382
8724.0,0.9932030000000001,615169.2970193619
8725.0,0.974216,603323.460430412
8726.0,0.9335120000000001,578033.7205603222
8727.0,0.911642,564411.5549946303
8728.0,0.944264,584525.2725064483
8729.0,0.980086,606613.8519528052
8730.0,0.990657,613069.5061069512
8731.0,0.9900760000000001,612622.8452313227
8732.0,0.977986,605055.9457120026
8733.0,0.9657389999999999,597394.0506778943
8734.0,0.9701489999999999,600036.652027708
8735.0,0.9817950000000001,607153.2979120875
8736.0,0.991649,613159.8535342747
8737.0,0.995857,615674.1124158317
8738.0,0.9961540000000001,615770.0510594954
8739.0,0.9944790000000001,614647.1193926963
8740.0,0.993676,614063.3488479827
8741.0,0.995659,615201.1379482489
8742.0,0.99682,615830.7453568827
8743.0,0.997207,615982.0381183604
8744.0,0.997951,616353.7480438789
8745.0,0.997444,615952.7906730702
8746.0,0.9945280000000001,614064.4973158867
8747.0,0.991448,612075.4665687943
8748.0,0.9921209999999999,612403.5767482527
8749.0,0.992168,612345.2097073063
8750.0,0.9886950000000001,610114.6698406296
8751.0,0.989348,610430.490707986
8752.0,0.993959,613187.9404176363
8753.0,0.995339,613951.6063510069
8754.0,0.9924229999999999,612065.5157829806
8755.0,0.989966,610462.9769723132
8756.0,0.9928819999999999,612173.6560328549
8757.0,0.9968959999999999,614560.7054625052
8758.0,0.9982059999999999,615280.3349312146
8759.0,0.997909,615009.3381094439
8760.0,0.9961450000000001,613834.4092026749
8761.0,0.99025,610114.5876537461
8762.0,0.9822219999999999,605081.8008983127
8763.0,0.978208,602522.8300694613
8764.0,0.976366,601302.2046569483
8765.0,0.9725739999999999,598881.1496081606
8766.0,0.9677610000000001,595832.1483489908
8767.0,0.970621,597507.4359778988
8768.0,0.9630219999999999,592744.6505571452
8769.0,0.922273,567582.1395234958
8770.0,0.9002690000000001,553961.1414878719
8771.0,0.937132,576561.3700968892
8772.0,0.97665,600788.3231536136
8773.0,0.9864149999999999,606708.3054093993
8774.0,0.986504,606676.055775214
8775.0,0.982676,604235.2715631833
8776.0,0.9790540000000001,601921.8070023543
8777.0,0.986701,606536.1576811213
8778.0,0.995649,611948.7798622162
8779.0,0.997977,613291.5990397881
8780.0,0.9957229999999999,611818.6090493071
8781.0,0.989784,608082.1018851819
8782.0,0.9838290000000001,604336.8100636431
8783.0,0.980051,601929.6389356892
8784.0,0.981474,602717.0318569301
8785.0,0.990468,608152.8053400691
8786.0,0.99716,612173.7501431545
8787.0,0.9986790000000001,613018.1723452572
8788.0,0.998518,612831.2378783931
8789.0,0.998346,612637.5776046064
8790.0,0.99841,612588.7448389562
8791.0,0.9984799999999999,612543.5776236872
8792.0,0.998116,612232.1837504857
8793.0,0.997582,611816.5892279164
8794.0,0.997708,611805.8044564915
8795.0,0.997079,611332.0856197499
8796.0,0.9936959999999999,609170.1762053744
8797.0,0.98924,606351.1685819784
8798.0,0.9876790000000001,605307.1682877201
8799.0,0.991267,607418.5920383899
8800.0,0.9948870000000001,609548.9842322653
8801.0,0.9934,608550.2192177807
8802.0,0.99039,606618.8677889061
8803.0,0.9922540000000001,607672.9633187342
8804.0,0.9966700000000001,610289.3880690098
8805.0,0.998174,611122.185862685
8806.0,0.9962719999999999,609869.7251319018
8807.0,0.9932700000000001,607944.3267209427
8808.0,0.9938,608180.9512266136
8809.0,0.996944,610016.9507015315
8810.0,0.998509,610886.3611851864
8811.0,0.998663,610892.36838513
8812.0,0.998569,610746.6624691425
8813.0,0.998124,610386.3212160381
8814.0,0.996922,609563.1909042421
8815.0,0.991022,605868.1147287021
8816.0,0.978381,598053.5162605254
8817.0,0.975672,596311.3894318036
8818.0,0.987519,603464.7904284239
8819.0,0.995293,608127.4772706996
8820.0,0.9964959999999999,608774.4635788564
8821.0,0.996569,608730.9995311195
8822.0,0.994741,607526.5054063485
8823.0,0.9865520000000001,602437.986166139
8824.0,0.977059,596554.7384746094
8825.0,0.9802190000000001,598397.4833854788
8826.0,0.981167,598889.4949966721
8827.0,0.95149,580691.0056900643
8828.0,0.915384,558574.7313423223
8829.0,0.933364,569463.7712216313
8830.0,0.975836,595290.5162040103
8831.0,0.9932200000000001,605807.5012559051
8832.0,0.9923930000000001,605215.348930799
8833.0,0.9900530000000001,603700.763370936
8834.0,0.9925809999999999,605154.4992787376
8835.0,0.9922040000000001,604836.9280026389
8836.0,0.9836020000000001,599506.2754403149
8837.0,0.979243,596762.8777933755
8838.0,0.986073,600837.9743520726
8839.0,0.9859450000000001,600672.7984828823
8840.0,0.973535,593026.0964224454
8841.0,0.9683459999999999,589779.5992403004
8842.0,0.9812629999999999,597560.0331281567
8843.0,0.994123,605303.472932861
8844.0,0.996132,606438.6173815234
8845.0,0.991458,603505.4278814215
8846.0,0.9885120000000001,601624.7514186652
8847.0,0.990431,602705.0821337107
8848.0,0.9905780000000001,602706.915236761
8849.0,0.990777,602740.353508353
8850.0,0.994007,604617.3977940732
8851.0,0.9970829999999999,606400.2087149963
8852.0,0.9974870000000001,606557.6671168976
8853.0,0.996384,605798.7990317645
8854.0,0.9966010000000001,605842.5627593409
8855.0,0.9979549999999999,606577.3768343723
8856.0,0.9986370000000001,606903.552479067
8857.0,0.9986860000000001,606844.9661678436
8858.0,0.9986139999999999,606712.8540632532
8859.0,0.9983879999999999,606487.2019083711
8860.0,0.9978520000000001,606073.2996415895
8861.0,0.9963719999999999,605086.2080646852
8862.0,0.99323,603090.2075307016
8863.0,0.9911760000000001,601755.2985860314
8864.0,0.991607,601929.2048702338
8865.0,0.991727,601914.2750881709
8866.0,0.9921760000000001,602098.9738730821
8867.0,0.992002,601905.5798498748
8868.0,0.991908,601760.7474151453
8869.0,0.9882340000000001,599444.3674019089
8870.0,0.971141,588990.1070224555
8871.0,0.9466899999999999,574076.9467906754
8872.0,0.9502219999999999,576134.6490150279
8873.0,0.9787950000000001,593372.2613817512
8874.0,0.995034,603128.6962750786
8875.0,0.9983069999999999,605024.2056084218
8876.0,0.998323,604945.5153912596
8877.0,0.997714,604488.1489151375
8878.0,0.997123,604041.7917286109
8879.0,0.9951040000000001,602730.6025230129
8880.0,0.9894360000000001,599209.9062936015
8881.0,0.984872,596358.7042010311
8882.0,0.9857530000000001,596804.8765801155
8883.0,0.9863270000000001,597065.0503990327
8884.0,0.989492,598893.3313863772
8885.0,0.9953120000000001,602327.7617269375
8886.0,0.9978440000000001,603771.6680859788
8887.0,0.997899,603716.569014777
8888.0,0.997317,603276.1369585413
8889.0,0.996667,602794.6783688454
8890.0,0.996591,602660.4428188121
8891.0,0.996136,602297.0622054993
8892.0,0.9928,600192.0661947153
8893.0,0.9886510000000001,597596.2358364093
8894.0,0.989093,597775.7898800784
8895.0,0.9870040000000001,596425.8329533124
8896.0,0.9691139999999999,585529.4303438506
8897.0,0.951075,574546.1839005803
8898.0,0.964356,582483.8271609084
8899.0,0.986952,596044.6733558117
8900.0,0.994916,600766.1838233216
8901.0,0.995917,601282.3870227095
8902.0,0.9949610000000001,600617.0500842066
8903.0,0.989139,597014.9072477513
8904.0,0.975435,588657.151253296
8905.0,0.955201,576361.664804807
8906.0,0.9505889999999999,573494.5842998566
8907.0,0.972615,586696.7827793695
8908.0,0.987712,595716.0068768947
8909.0,0.9842139999999999,593519.0500208536
8910.0,0.9797969999999999,590768.5999083737
8911.0,0.9856,594180.173790579
8912.0,0.992949,598522.6036494517
8913.0,0.994761,599526.6667316078
8914.0,0.9919100000000001,597720.5036651212
8915.0,0.9889319999999999,595838.3254634715
8916.0,0.991246,597144.6703685016
8917.0,0.993776,598580.706181833
8918.0,0.9906809999999999,596628.6859637306
8919.0,0.988535,595248.654908298
8920.0,0.9923040000000001,597430.2089804694
8921.0,0.995965,599546.0795309099
8922.0,0.996102,599540.2513136361
8923.0,0.991906,596926.8071035678
8924.0,0.987308,594072.2177648717
8925.0,0.989389,595236.6647223956
8926.0,0.99439,598157.213627713
8927.0,0.9951409999999999,598520.7404655877
8928.0,0.9839829999999999,591722.6014998386
8929.0,0.9586809999999999,576422.1350838053
8930.0,0.9514469999999999,571988.222584616
8931.0,0.974275,585625.513985091
8932.0,0.988777,594254.830770188
8933.0,0.9800559999999999,588926.613577659
8934.0,0.9600770000000001,576835.8811649262
8935.0,0.959828,576601.1688334891
8936.0,0.98024,588776.428907834
8937.0,0.9931270000000001,596428.8795375839
8938.0,0.996469,598347.577448996
8939.0,0.9971059999999999,598641.655250816
8940.0,0.9970450000000001,598516.6155472881
8941.0,0.996807,598285.3491802354
8942.0,0.9967959999999999,598190.3489512372
8943.0,0.9966200000000001,597996.3449062762
8944.0,0.994555,596669.0917398543
8945.0,0.9853770000000001,591075.4910451606
8946.0,0.9633120000000001,577754.4305795904
8947.0,0.9504040000000001,569928.4575860769
8948.0,0.9695469999999999,581321.9427312928
8949.0,0.990649,593886.43595353
8950.0,0.996898,597544.2427074561
8951.0,0.996901,597457.6184714508
8952.0,0.996159,596924.568576098
8953.0,0.994373,595766.1491697438
8954.0,0.982398,588504.3368661967
8955.0,0.958359,574018.7929249447
8956.0,0.9545020000000001,571623.9345100775
8957.0,0.977498,585308.8701492468
8958.0,0.993333,594702.4769354897
8959.0,0.9968030000000001,596691.518759297
8960.0,0.996851,596631.8198031625
8961.0,0.9959,595974.2814370504
8962.0,0.9936440000000001,594536.0777803098
8963.0,0.992102,593525.4237418339
8964.0,0.993592,594328.6681061418
8965.0,0.9952350000000001,595223.1518292712
8966.0,0.995451,595264.0190819481
8967.0,0.995557,595239.0780979933
8968.0,0.9958229999999999,595309.7660061473
8969.0,0.9958790000000001,595254.8845421597
8970.0,0.9963120000000001,595425.298047256
8971.0,0.996767,595608.7792616999
8972.0,0.9958440000000001,594968.8896816872
8973.0,0.994504,594080.062133995
8974.0,0.993983,593680.6388451656
8975.0,0.990009,591219.2244791146
8976.0,0.976915,583312.9896945248
8977.0,0.9690030000000001,578502.7741319444
8978.0,0.980144,585067.0687812722
8979.0,0.992585,592405.2649759575
8980.0,0.996079,594402.2010617709
8981.0,0.9953219999999999,593862.1427055291
8982.0,0.9943879999999999,593216.6255813843
8983.0,0.994684,593304.9382834369
8984.0,0.9955200000000001,593715.2462940142
8985.0,0.995899,593852.8964386506
8986.0,0.9952790000000001,593394.8648112187
8987.0,0.9934729999999999,592229.9428040505
8988.0,0.9926780000000001,591667.9286676806
8989.0,0.9929889999999999,591765.1678619011
8990.0,0.9912920000000001,590665.8747789655
8991.0,0.990339,590010.1316194811
8992.0,0.991836,590813.9653938768
8993.0,0.9931040000000001,591481.1426733193
8994.0,0.9944440000000001,592190.969809925
8995.0,0.9941840000000001,591947.9007676349
8996.0,0.986558,587319.7346248754
8997.0,0.9735889999999999,579512.5897145425
8998.0,0.9738180000000001,579562.4636583324
8999.0,0.98546,586403.6676057993
9000.0,0.9863190000000001,586827.2745668832
9001.0,0.976931,581155.0106044093
9002.0,0.977791,581579.8150659037
9003.0,0.988771,588022.8373647415
9004.0,0.993893,590980.6726140712
9005.0,0.98925,588132.0785972489
9006.0,0.9764139999999999,580414.1066420604
9007.0,0.971907,577648.7177391772
9008.0,0.9831989999999999,584272.7929688141
9009.0,0.991814,589304.2745437068
9010.0,0.992864,589840.0154138713
9011.0,0.992749,589683.5700185102
9012.0,0.992957,589718.9745377705
9013.0,0.9930709999999999,589698.5229221799
9014.0,0.992966,589548.0246830728
9015.0,0.993265,589637.3730788892
9016.0,0.9948899999999999,590513.7106183408
9017.0,0.995826,590980.8663796538
9018.0,0.9953559999999999,590613.5781655099
9019.0,0.994668,590117.0375695962
9020.0,0.994663,590025.7683264675
9021.0,0.9948100000000001,590024.6509300715
9022.0,0.994806,589933.9616455251
9023.0,0.994395,589601.9518260602
9024.0,0.993605,589045.3293068166
9025.0,0.991509,587714.7178904131
9026.0,0.984699,583590.6837031271
9027.0,0.975982,578337.8267920308
9028.0,0.972693,576302.5061390325
9029.0,0.979468,580229.608196895
9030.0,0.989714,586211.3932981007
9031.0,0.9938309999999999,588561.6724905953
9032.0,0.993927,588530.2804034799
9033.0,0.993552,588220.0210995377
9034.0,0.992348,587419.1024123507
9035.0,0.9909549999999999,586506.5355062024
9036.0,0.9914940000000001,586737.5172881407
9037.0,0.992923,587495.0001729596
9038.0,0.9932540000000001,587602.6591361021
9039.0,0.9922780000000001,586937.1621586583
9040.0,0.991699,586506.6302098132
9041.0,0.9931780000000001,587293.152013094
9042.0,0.9949030000000001,588224.8554253055
9043.0,0.99479,588069.7191470069
9044.0,0.9940530000000001,587545.7806079863
9045.0,0.9945459999999999,587748.8681784464
9046.0,0.9950709999999999,587970.776115801
9047.0,0.9947239999999999,587677.4177264104
9048.0,0.9944639999999999,587435.5120256005
9049.0,0.9951270000000001,587738.7915533594
9050.0,0.9955700000000001,587912.0368684798
9051.0,0.994663,587288.1101939913
9052.0,0.9941270000000001,586883.364347486
9053.0,0.99493,587269.0738430886
9054.0,0.9949309999999999,587181.321818363
9055.0,0.993834,586445.6570222864
9056.0,0.994007,586459.4808757184
9057.0,0.995024,586971.1549089105
9058.0,0.9947879999999999,586743.6065164387
9059.0,0.994167,586289.054207589
9060.0,0.994567,586436.6346020604
9061.0,0.9942719999999999,586174.4056110673
9062.0,0.992597,585098.7705275321
9063.0,0.992323,584849.1454199266
9064.0,0.993392,585390.9785712084
9065.0,0.992958,585047.0599154055
9066.0,0.9921629999999999,584490.5504723412
9067.0,0.992765,584757.0411014189
9068.0,0.991347,583833.7865643695
9069.0,0.986851,581098.3311891801
9070.0,0.9863540000000001,580718.0942863636
9071.0,0.9885120000000001,581900.8469734462
9072.0,0.983922,579111.5148842644
9073.0,0.980771,577169.829022815
9074.0,0.986461,580430.7208779838
9075.0,0.989765,582286.8988229727
9076.0,0.9890540000000001,581780.7889964775
9077.0,0.9907860000000001,582711.6086435608
9078.0,0.992706,583752.6726300627
9079.0,0.9931,583896.179351707
9080.0,0.99344,584007.8715143282
9081.0,0.991967,583053.8664690934
9082.0,0.98985,581721.6529003521
9083.0,0.9898020000000001,581605.5554147275
9084.0,0.988641,580835.5689725786
9085.0,0.984632,578392.8158639804
9086.0,0.978353,574617.5323588379
9087.0,0.9738379999999999,571879.2602181063
9088.0,0.974082,571936.0555188808
9089.0,0.9778190000000001,574043.4261333406
9090.0,0.985676,578568.4757689375
9091.0,0.992165,582289.2681875878
9092.0,0.994348,583482.1531140647
9093.0,0.9913879999999999,581657.201356595
9094.0,0.9863190000000001,578595.5914853978
9095.0,0.9869629999999999,578885.7414453599
9096.0,0.991917,581703.3491171582
9097.0,0.992713,582082.0141558065
9098.0,0.9889020000000001,579759.6107241969
9099.0,0.9886379999999999,579517.05489887
9100.0,0.991607,581169.3701119783
9101.0,0.99108,580772.5037580417
9102.0,0.9886149999999999,579240.2361504121
9103.0,0.9880059999999999,578795.6923472717
9104.0,0.9917040000000001,580874.0101864807
9105.0,0.9952059999999999,582836.8854204285
9106.0,0.9960760000000001,583257.9566435661
9107.0,0.996138,583205.8165449186
9108.0,0.995817,582929.4660511914
9109.0,0.99567,582755.0133395264
9110.0,0.9955719999999999,582609.262009099
9111.0,0.995691,582590.497793458
9112.0,0.995683,582497.4150075628
9113.0,0.994604,581777.8696300655
9114.0,0.988294,577999.1901132583
9115.0,0.9758879999999999,570656.9552850507
9116.0,0.973582,569222.0688821418
9117.0,0.9852850000000001,575976.9602543159
9118.0,0.9932190000000001,580526.8303456584
9119.0,0.994693,581300.0586646515
9120.0,0.9947809999999999,581263.1684325271
9121.0,0.9948739999999999,581229.1842797886
9122.0,0.994499,580921.8089674794
9123.0,0.992534,579685.8671408768
9124.0,0.989078,577579.5940850002
9125.0,0.988417,577105.8485921617
9126.0,0.9917219999999999,578947.4926786048
9127.0,0.994418,580433.0826358972
9128.0,0.9951129999999999,580750.406036086
9129.0,0.995209,580718.0820160605
9130.0,0.9950600000000001,580542.802539274
9131.0,0.9945149999999999,580136.5491083126
9132.0,0.9935360000000001,579477.2637969742
9133.0,0.9916729999999999,578302.6408264573
9134.0,0.989109,576719.6174077977
9135.0,0.988908,576514.6342019256
9136.0,0.9928959999999999,578751.4232456384
9137.0,0.9966209999999999,580834.2277123218
9138.0,0.997708,581379.1701248337
9139.0,0.997748,581313.9109529777
9140.0,0.9969809999999999,580778.5379602853
9141.0,0.9961129999999999,580184.474668282
9142.0,0.9968670000000001,580535.153722837
9143.0,0.997876,581034.1788556303
9144.0,0.9980020000000001,581018.9588796869
9145.0,0.9980129999999999,580936.7766699346
9146.0,0.9982,580957.0262100181
9147.0,0.998574,581086.0617207395
9148.0,0.9988870000000001,581179.5402959273
9149.0,0.9989120000000001,581105.4235847854
9150.0,0.998926,581024.9052253008
9151.0,0.999086,581029.2932102111
9152.0,0.999107,580952.8291323439
9153.0,0.9989979999999999,580800.7824648296
9154.0,0.9988819999999999,580644.6870663062
9155.0,0.998452,580306.11462494
9156.0,0.996812,579264.4678627984
9157.0,0.9915790000000001,576135.478475318
9158.0,0.9854790000000001,572503.7443685076
9159.0,0.9871840000000001,573406.634674401
9160.0,0.9939110000000001,577225.810507766
9161.0,0.996705,578760.0052094206
9162.0,0.995094,577736.2300043982
9163.0,0.994217,577138.825762364
9164.0,0.9963850000000001,578308.9178599023
9165.0,0.9980629999999999,579194.2702860297
9166.0,0.997757,578928.1504790097
9167.0,0.996693,578222.3393392019
9168.0,0.996078,577777.1615861559
9169.0,0.996188,577752.5675928228
9170.0,0.9973420000000001,578333.3443797955
9171.0,0.9985799999999999,578962.6195600927
9172.0,0.999135,579195.7430504458
9173.0,0.999324,579216.6325593137
9174.0,0.9991459999999999,579024.8060083685
9175.0,0.9988360000000001,578756.5273839938
9176.0,0.998915,578713.6691491302
9177.0,0.999173,578774.4845275482
9178.0,0.999182,578691.0433502211
9179.0,0.998966,578477.3097336189
9180.0,0.99885,578321.5144670652
9181.0,0.9988450000000001,578229.9988291943
9182.0,0.998444,577909.2766649196
9183.0,0.997231,577118.7053730568
9184.0,0.995843,576227.0899637842
9185.0,0.996332,576421.6487899423
9186.0,0.9977030000000001,577126.3195390867
9187.0,0.9982030000000001,577326.9913331441
9188.0,0.998245,577262.724647843
9189.0,0.998332,577224.4703989098
9190.0,0.9985,577233.0282284014
9191.0,0.998758,577293.5786949104
9192.0,0.999151,577432.1043836128
9193.0,0.9993860000000001,577479.2640029624
9194.0,0.999252,577313.1953437452
9195.0,0.998977,577065.7023285581
9196.0,0.9989629999999999,576969.0048022681
9197.0,0.999107,576963.5529603593
9198.0,0.9990959999999999,576868.5815308176
9199.0,0.998807,576613.1236432393
9200.0,0.9978520000000001,575973.2945800654
9201.0,0.996419,575057.7709607893
9202.0,0.9964149999999999,574967.0871734872
9203.0,0.9978959999999999,575733.1720373065
9204.0,0.9988290000000001,576182.8773653739
9205.0,0.998748,576047.5743044352
9206.0,0.9983040000000001,575702.9519889449
9207.0,0.997617,575218.2980862915
9208.0,0.995395,573848.8345612152
9209.0,0.992323,571989.8140448739
9210.0,0.992166,571811.3310836686
9211.0,0.994051,572809.5547587421
9212.0,0.9957469999999999,573698.5536144143
9213.0,0.997603,574679.4229738261
9214.0,0.998548,575135.2547465662
9215.0,0.998607,575080.6883666975
9216.0,0.99884,575126.3014125365
9217.0,0.9990479999999999,575157.482205213
9218.0,0.999,575041.2699062779
9219.0,0.999036,574973.4122182581
9220.0,0.9990379999999999,574885.9849410008
9221.0,0.998965,574755.4077426161
9222.0,0.999093,574740.472959855
9223.0,0.999324,574784.7601318819
9224.0,0.9993850000000001,574731.2436922103
9225.0,0.9992850000000001,574585.1438335101
9226.0,0.999084,574380.9978433751
9227.0,0.99892,574198.157610409
9228.0,0.998951,574127.4206939342
9229.0,0.9989870000000001,574059.5533289348
9230.0,0.998864,573900.3275017175
9231.0,0.99861,573665.8705091199
9232.0,0.998539,573536.571178256
9233.0,0.9987280000000001,573556.600961613
9234.0,0.998909,573572.00554587
9235.0,0.999027,573551.211030285
9236.0,0.9990899999999999,573498.826348254
9237.0,0.999049,573386.7434406705
9238.0,0.9989979999999999,573268.9313003139
9239.0,0.998934,573143.6713308839
9240.0,0.998775,572963.926332697
9241.0,0.998574,572760.121210612
9242.0,0.99839,572566.1030168971
9243.0,0.998276,572412.2574840552
9244.0,0.998365,572374.8165322074
9245.0,0.998617,572430.7972615033
9246.0,0.9987370000000001,572411.0815403643
9247.0,0.998455,572160.9819603295
9248.0,0.998122,571881.7135597237
9249.0,0.998187,571830.5081395616
9250.0,0.998458,571897.2860541597
9251.0,0.998416,571784.7654563962
9252.0,0.997891,571395.6869939002
9253.0,0.997079,570842.3919412423
9254.0,0.996431,570383.1207640674
9255.0,0.996807,570510.0401407925
9256.0,0.9978520000000001,571019.7295518595
9257.0,0.998041,571039.4667060311
9258.0,0.997568,570680.4610355841
9259.0,0.9974959999999999,570550.9065775169
9260.0,0.997755,570610.6641520975
9261.0,0.99766,570467.9587074041
9262.0,0.99703,570019.4034782645
9263.0,0.996634,569704.723210066
9264.0,0.997474,570096.5390591272
9265.0,0.998434,570556.7825313151
9266.0,0.9987370000000001,570641.4726252027
9267.0,0.998784,570579.8650166856
9268.0,0.998684,570434.2870085352
9269.0,0.998541,570264.1717987481
9270.0,0.998482,570142.0489446068
9271.0,0.998393,570002.8112266721
9272.0,0.998418,569928.666393396
9273.0,0.998525,569901.320387449
9274.0,0.9984059999999999,569744.9898146424
9275.0,0.998416,569662.2856760168
9276.0,0.998711,569742.1682051799
9277.0,0.9987290000000001,569664.0031060483
9278.0,0.9985430000000001,569469.4959021925
9279.0,0.998432,569317.7899068316
9280.0,0.997884,568916.9620562734
9281.0,0.9970600000000001,568358.904035703
9282.0,0.996974,568221.61467799
9283.0,0.99775,568575.5603379705
9284.0,0.998242,568767.5565728627
9285.0,0.998151,568627.344299366
9286.0,0.998232,568585.1204413103
9287.0,0.9985209999999999,568661.3414621043
9288.0,0.998566,568598.5765034062
9289.0,0.9983719999999999,568399.737005364
9290.0,0.9982139999999999,568221.426917436
9291.0,0.998141,568091.5250184634
9292.0,0.9982200000000001,568048.1358391077
9293.0,0.9982110000000001,567954.6656162642
9294.0,0.9983799999999999,567962.4608842713
9295.0,0.998649,568027.1083404813
9296.0,0.9985209999999999,567865.9340420803
9297.0,0.99803,567498.3764321049
9298.0,0.997936,567356.614736357
9299.0,0.99851,567594.5912331556
9300.0,0.9988319999999999,567689.2437664317
9301.0,0.9987520000000001,567555.3995577118
9302.0,0.998664,567417.0267186705
9303.0,0.9984379999999999,567200.2759908376
9304.0,0.998175,566962.5519281559
9305.0,0.997976,566761.2233381189
9306.0,0.997921,566641.6990182212
9307.0,0.998265,566748.712859312
9308.0,0.998606,566853.9655795409
9309.0,0.9987590000000001,566852.4599805564
9310.0,0.998783,566777.7266000183
9311.0,0.9986360000000001,566605.9697285781
9312.0,0.9985780000000001,566484.7305240552
9313.0,0.998691,566460.4960213472
9314.0,0.998858,566466.868456588
9315.0,0.998782,566335.4267711152
9316.0,0.998374,566015.778005604
9317.0,0.9983420000000001,565909.3394752423
9318.0,0.99879,566074.954542545
9319.0,0.99911,566167.9591104982
9320.0,0.9991329999999999,566092.6344792409
9321.0,0.9989809999999999,565918.1718970992
9322.0,0.99882,565738.6413620217
9323.0,0.998784,565629.9319595072
9324.0,0.9989049999999999,565610.1299044336
9325.0,0.999052,565605.0289937657
9326.0,0.998994,565483.8640266671
9327.0,0.998841,565308.9455285417
9328.0,0.9988940000000001,565250.6275289909
9329.0,0.999075,565264.7239299644
9330.0,0.999117,565200.1589817327
9331.0,0.9989549999999999,565020.2048276655
9332.0,0.998798,564843.1098586813
9333.0,0.998756,564731.0705493012
9334.0,0.998771,564651.2663397207
9335.0,0.9989020000000001,564637.0323281441
9336.0,0.99916,564694.554627864
9337.0,0.99926,564662.7515155092
9338.0,0.999084,564474.9957783162
9339.0,0.998914,564290.6635755708
9340.0,0.9988530000000001,564167.9293495663
9341.0,0.9988969999999999,564104.5053010805
9342.0,0.9991030000000001,564132.5480275686
9343.0,0.999238,564120.4742886872
9344.0,0.9991329999999999,563972.9087896192
9345.0,0.9989819999999999,563799.4037053359
9346.0,0.998791,563603.3569517473
9347.0,0.998699,563463.2025540548
9348.0,0.998817,563441.5303646086
9349.0,0.9989040000000001,563402.35578684
9350.0,0.9988670000000001,563293.2413555329
9351.0,0.998229,562845.2664361462
9352.0,0.9937040000000001,560206.0897599583
9353.0,0.9839030000000001,554593.8077388646
9354.0,0.9814370000000001,553117.1110372437
9355.0,0.990274,558009.9861520377
9356.0,0.9951059999999999,560644.8776081953
9357.0,0.9933719999999999,559580.1999543075
9358.0,0.993347,559478.3841916805
9359.0,0.995924,560841.8590358456
9360.0,0.9974719999999999,561625.5045889594
9361.0,0.9978629999999999,561757.5345469915
9362.0,0.997656,561552.901051578
9363.0,0.997822,561558.2257685858
9364.0,0.998294,561735.7092870484
9365.0,0.9982129999999999,561601.990829917
9366.0,0.997635,561188.717960629
9367.0,0.9976450000000001,561106.25973146
9368.0,0.998286,561378.6411336858
9369.0,0.9986809999999999,561512.598110713
9370.0,0.9987149999999999,561443.5467484207
9371.0,0.9985860000000001,561282.8740407713
9372.0,0.998395,561087.3840913079
9373.0,0.998235,560909.3501297876
9374.0,0.998295,560854.9465813674
9375.0,0.998568,560920.1831274054
9376.0,0.998691,560901.1293981773
9377.0,0.998533,560724.2623272663
9378.0,0.9982409999999999,560472.1909146704
9379.0,0.9980549999999999,560279.6798168498
9380.0,0.9979110000000001,560110.7788465122
9381.0,0.997884,560007.5665217636
9382.0,0.998067,560022.1948119239
9383.0,0.99797,559879.7090341027
9384.0,0.99772,559651.4214699806
9385.0,0.9979899999999999,559714.819367426
9386.0,0.9983629999999999,559835.9307290892
9387.0,0.9972620000000001,559130.5585586508
9388.0,0.9883200000000001,554029.896413047
9389.0,0.962989,539744.9575238243
9390.0,0.945924,530096.765911682
9391.0,0.965758,541126.570333766
9392.0,0.989231,554191.5364262891
9393.0,0.995326,557518.314940227
9394.0,0.988725,553733.6499478114
9395.0,0.966651,541285.8918021122
9396.0,0.952427,533237.0243524784
9397.0,0.970668,543364.0442752152
9398.0,0.991084,554705.188013252
9399.0,0.997049,557955.8502304128
9400.0,0.9979399999999999,558366.464275357
9401.0,0.998072,558352.3167389189
9402.0,0.9981040000000001,558282.2152627833
9403.0,0.9982719999999999,558288.1703845944
9404.0,0.998218,558169.9645727134
9405.0,0.9981059999999999,558019.3453839647
9406.0,0.998183,557974.3987169993
9407.0,0.998185,557887.5244878085
9408.0,0.998031,557713.4786236688
9409.0,0.997822,557508.7336752607
9410.0,0.997605,557299.5601559373
9411.0,0.997648,557235.6514164268
9412.0,0.997698,557175.6480292671
9413.0,0.997368,556903.4577655317
9414.0,0.996836,556518.5558236853
9415.0,0.996906,556469.7858765757
9416.0,0.9973920000000001,556653.1805615949
9417.0,0.997972,556888.9472838897
9418.0,0.998332,557001.8704053385
9419.0,0.9982780000000001,556883.7862802861
9420.0,0.9981,556696.5536712277
9421.0,0.998081,556598.0254580063
9422.0,0.998081,556510.0984128129
9423.0,0.998129,556448.9347915377
9424.0,0.998224,556413.9645148193
9425.0,0.998491,556474.8396512145
9426.0,0.9986790000000001,556491.6505965473
9427.0,0.9984209999999999,556259.9479779559
9428.0,0.9980549999999999,555968.1330889246
9429.0,0.997757,555714.2600512797
9430.0,0.997791,555645.3260271563
9431.0,0.9982030000000001,555786.8555336383
9432.0,0.9982639999999999,555732.9149006241
9433.0,0.997827,555401.7750027961
9434.0,0.99751,555137.4987596701
9435.0,0.9978450000000001,555236.078003009
9436.0,0.998373,555441.97718472
9437.0,0.998294,555310.1380511165
9438.0,0.9980870000000001,555107.126875802
9439.0,0.998289,555131.5940695354
9440.0,0.998547,555187.1653868563
9441.0,0.9984790000000001,555061.469576047
9442.0,0.99825,554846.3028636848
9443.0,0.998223,554743.4381117251
9444.0,0.998433,554772.2694961309
9445.0,0.9985809999999999,554766.6235215714
9446.0,0.9986389999999999,554710.9634933475
9447.0,0.9982610000000001,554413.1520629999
9448.0,0.997246,553761.6908529585
9449.0,0.997028,553552.9090786106
9450.0,0.9979,553949.245053693
9451.0,0.998396,554136.741495339
9452.0,0.9982709999999999,553979.537600384
9453.0,0.9980450000000001,553766.3198265593
9454.0,0.997907,553601.9650590237
9455.0,0.997714,553407.1315391777
9456.0,0.9973190000000001,553100.3094757656
9457.0,0.997236,552966.5647664918
9458.0,0.9979120000000001,553253.6369191736
9459.0,0.998433,553454.6741872331
9460.0,0.998375,553334.7216921841
9461.0,0.998416,553269.6441486005
9462.0,0.998785,553386.2950679549
9463.0,0.998993,553413.6958489041
9464.0,0.998898,553273.2375005943
9465.0,0.998551,552993.2435376565
9466.0,0.998179,552699.4720997002
9467.0,0.998268,552660.9890362183
9468.0,0.9985700000000001,552740.396847383
9469.0,0.9987809999999999,552769.392382392
9470.0,0.998934,552766.260403968
9471.0,0.9989610000000001,552693.3939777239
9472.0,0.998783,552507.125091183
9473.0,0.998489,552256.7330343904
9474.0,0.998195,552006.3969282571
9475.0,0.998123,551878.8642828095
9476.0,0.9981979999999999,551832.6144161593
9477.0,0.998239,551767.5624743723
9478.0,0.99821,551663.8219192795
9479.0,0.998183,551561.1959065868
9480.0,0.998416,551602.2230731603
9481.0,0.998793,551722.7577192355
9482.0,0.9989100000000001,551699.6320421309
9483.0,0.9985450000000001,551410.3231136549
9484.0,0.9979549999999999,550996.8543337117
9485.0,0.997783,550814.2455041886
9486.0,0.9979959999999999,550844.1721236154
9487.0,0.9980610000000001,550792.390069277
9488.0,0.9981899999999999,550775.914567767
9489.0,0.998346,550774.3163553609
9490.0,0.9981690000000001,550589.0126928654
9491.0,0.99782,550308.8846145523
9492.0,0.9979100000000001,550270.8971154862
9493.0,0.998043,550256.6056782611
9494.0,0.997984,550136.455760582
9495.0,0.998174,550153.5594922026
9496.0,0.9985149999999999,550253.8462280382
9497.0,0.998518,550167.8448394362
9498.0,0.998273,549945.2250449187
9499.0,0.998224,549830.6112867532
9500.0,0.998101,549675.2572701424
9501.0,0.997909,549481.9356538313
9502.0,0.997755,549309.5729851732
9503.0,0.997499,549081.0951752078
9504.0,0.997459,548971.546754682
9505.0,0.9976219999999999,548973.7171979152
9506.0,0.997791,548979.1647516172
9507.0,0.9974129999999999,548683.6787840982
9508.0,0.9967290000000001,548219.9578750663
9509.0,0.9970180000000001,548291.4447481419
9510.0,0.9979979999999999,548742.8274320367
9511.0,0.998408,548880.6819121143
9512.0,0.998094,548620.5093063674
9513.0,0.997505,548209.2617679114
9514.0,0.997296,548006.9294157551
9515.0,0.997309,547926.6062705944
9516.0,0.997035,547688.6313963387
9517.0,0.9970959999999999,547634.7011566531
9518.0,0.997751,547906.9552008312
9519.0,0.997771,547830.4495611202
9520.0,0.997137,547394.9209185397
9521.0,0.996871,547161.4955737471
9522.0,0.996966,547126.2351998875
9523.0,0.996927,547017.4365769475
9524.0,0.996885,546907.003642669
9525.0,0.997484,547148.1894104092
9526.0,0.997835,547253.2616101187
9527.0,0.9977719999999999,547131.2588713315
9528.0,0.997909,547118.9249817941
9529.0,0.998182,547181.1239934748
9530.0,0.9983219999999999,547170.3839316242
9531.0,0.998225,547029.7475168271
9532.0,0.9982850000000001,546975.1555018458
9533.0,0.9983780000000001,546938.6360515117
9534.0,0.998366,546844.592436753
9535.0,0.998467,546812.440397843
9536.0,0.9984139999999999,546695.9505539807
9537.0,0.998179,546479.8340353587
9538.0,0.998218,546413.7481488975
9539.0,0.998484,546471.8977260711
9540.0,0.9984350000000001,546357.6331306556
9541.0,0.998175,546127.9382872244
9542.0,0.998107,546003.3253024006
9543.0,0.99823,545983.1967894919
9544.0,0.998244,545903.4434605518
9545.0,0.9982040000000001,545794.1666473661
9546.0,0.998286,545751.5977397639
9547.0,0.998318,545681.689317809
9548.0,0.998125,545488.814655394
9549.0,0.998044,545357.1784085175
9550.0,0.998315,545417.8723994927
9551.0,0.9984799999999999,545420.6212810965
9552.0,0.9982209999999999,545191.7729381239
9553.0,0.99798,544972.8042447058
9554.0,0.998065,544931.8748950147
9555.0,0.998101,544864.1864891574
9556.0,0.9978610000000001,544645.8522701078
9557.0,0.9976510000000001,544443.936805906
9558.0,0.9976389999999999,544350.0994696576
9559.0,0.99769,544290.6389309315
9560.0,0.997924,544330.9942681771
9561.0,0.998291,544443.8486689237
9562.0,0.9985350000000001,544489.5734065293
9563.0,0.9980540000000001,544139.9897987545
9564.0,0.99526,542529.6478784749
9565.0,0.990875,540052.6633220768
9566.0,0.9911840000000001,540134.3924356083
9567.0,0.9957950000000001,542560.0220520995
9568.0,0.9983860000000001,543884.4276608163
9569.0,0.998742,543991.0338338801
9570.0,0.998569,543809.4953640837
9571.0,0.9985629999999999,543718.92397081
9572.0,0.998815,543768.8175291609
9573.0,0.998975,543768.5940995426
9574.0,0.998792,543581.6738024366
9575.0,0.998491,543330.5807260171
9576.0,0.998534,543266.703523923
9577.0,0.998663,543249.6059630986
9578.0,0.998495,543070.9558225722
9579.0,0.9984139999999999,542939.6509899547
9580.0,0.998446,542869.8052468434
9581.0,0.998331,542720.0458652732
9582.0,0.998323,542628.4705419015
9583.0,0.998333,542546.6839548032
9584.0,0.998084,542324.16921808
9585.0,0.9979129999999999,542144.0788686792
9586.0,0.9979809999999999,542093.846148527
9587.0,0.9982059999999999,542128.873972806
9588.0,0.9986280000000001,542270.841847086
9589.0,0.998778,542265.0646896905
9590.0,0.998584,542072.5292114798
9591.0,0.998439,541906.6278125119
9592.0,0.99846,541830.8396474504
9593.0,0.998542,541788.1504197202
9594.0,0.998682,541776.9166841054
9595.0,0.9989239999999999,541820.9890619485
9596.0,0.9989370000000001,541740.8338178333
9597.0,0.998726,541539.222084609
9598.0,0.9985209999999999,541340.9053572963
9599.0,0.9983299999999999,541150.2185129242
9600.0,0.998116,540947.1050680135
9601.0,0.996533,540002.1993571981
9602.0,0.9924950000000001,537727.4719062042
9603.0,0.991,536831.0138248393
9604.0,0.9946870000000001,538741.492218758
9605.0,0.997693,540282.5493493732
9606.0,0.998179,540458.6468756072
9607.0,0.9976510000000001,540085.7286015061
9608.0,0.997318,539818.4555134828
9609.0,0.997927,540061.040217004
9610.0,0.9985059999999999,540287.291209897
9611.0,0.9984569999999999,540173.693294869
9612.0,0.998333,540019.5402536974
9613.0,0.9983569999999999,539945.4577078668
9614.0,0.998575,539976.2813001149
9615.0,0.998707,539960.5755883388
9616.0,0.9985780000000001,539803.7628993333
9617.0,0.998418,539630.2231220321
9618.0,0.9983110000000001,539485.3578094379
9619.0,0.997966,539211.922629533
9620.0,0.9959379999999999,538029.3565153643
9621.0,0.9892350000000001,534322.0109098493
9622.0,0.982196,530434.3826317881
9623.0,0.9863799999999999,532607.983300451
9624.0,0.994917,537130.9365469714
9625.0,0.9981469999999999,538787.7525758677
9626.0,0.998569,538928.5312446231
9627.0,0.998627,538872.8225186984
9628.0,0.9986149999999999,538779.3423702728
9629.0,0.998625,538697.7375341014
9630.0,0.99875,538678.1620368751
9631.0,0.998818,538627.832211971
9632.0,0.998777,538518.7257004565
9633.0,0.9987889999999999,538438.2037409784
9634.0,0.9981120000000001,537986.3115611955
9635.0,0.9936520000000001,535495.8203972104
9636.0,0.9828120000000001,529568.3775759015
9637.0,0.975224,525394.8194185304
9638.0,0.981258,528560.1552787621
9639.0,0.990991,533716.6111101252
9640.0,0.987661,531837.193746062
9641.0,0.9689459999999999,521675.16291526024
9642.0,0.9626520000000001,518202.7122756009
9643.0,0.980817,527895.6949906205
9644.0,0.995291,535599.2710053008
9645.0,0.998616,537301.6549308444
9646.0,0.9985879999999999,537199.6883200392
9647.0,0.9980459999999999,536821.2659260758
9648.0,0.9976510000000001,536521.9979836361
9649.0,0.9976219999999999,536419.6020372426
9650.0,0.9978229999999999,536440.8674305244
9651.0,0.998074,536488.9797782255
9652.0,0.9983540000000001,536552.6398603143
9653.0,0.998609,536602.823205992
9654.0,0.998468,536440.2116670007
9655.0,0.9982129999999999,536216.3923027591
9656.0,0.9982850000000001,536168.2512685147
9657.0,0.9982770000000001,536077.1432823085
9658.0,0.998073,535880.8070307159
9659.0,0.9978299999999999,535663.575720854
9660.0,0.995554,534355.1968787088
9661.0,0.98667,529501.005892672
9662.0,0.9774149999999999,524449.2986915711
9663.0,0.982476,527079.4647023001
9664.0,0.9929889999999999,532633.1757741632
9665.0,0.99721,534810.621978547
9666.0,0.997617,534942.197181173
9667.0,0.9973489999999999,534711.8176284898
9668.0,0.9961,533955.6291616028
9669.0,0.9938530000000001,532664.7761957137
9670.0,0.994157,532741.3301148195
9671.0,0.996799,534070.5036749277
9672.0,0.9979889999999999,534621.3895614074
9673.0,0.997603,534327.9503594358
9674.0,0.997742,534315.7347001755
9675.0,0.9981969999999999,534472.6992243533
9676.0,0.998175,534374.228071367
9677.0,0.9982850000000001,534346.4215501026
9678.0,0.99859,534422.9614659521
9679.0,0.9984799999999999,534277.3916862595
9680.0,0.998189,534035.0112358556
9681.0,0.9983489999999999,534033.9348599392
9682.0,0.9986229999999999,534093.8073002122
9683.0,0.998661,534027.4386672679
9684.0,0.998713,533968.5545938369
9685.0,0.998755,533904.3217657343
9686.0,0.9986389999999999,533755.6393003846
9687.0,0.998403,533542.85540051
9688.0,0.998181,533337.5987855564
9689.0,0.9971959999999999,532724.7747487251
9690.0,0.9920459999999999,529887.4513357052
9691.0,0.983209,525081.9881292726
9692.0,0.983102,524939.5564250256
9693.0,0.992087,529651.1471354715
9694.0,0.997498,532453.4232731909
9695.0,0.998442,532870.7189061035
9696.0,0.998482,532805.4684263541
9697.0,0.9986299999999999,532797.8381720637
9698.0,0.998675,532735.2437809622
9699.0,0.9981469999999999,532367.0350459404
9700.0,0.997402,531883.2046570668
9701.0,0.997611,531908.165101349
9702.0,0.9983799999999999,532231.6287290878
9703.0,0.99869,532310.3141980764
9704.0,0.998591,532170.9869836593
9705.0,0.9982709999999999,531913.9264666535
9706.0,0.9978239999999999,531589.2684758093
9707.0,0.997598,531382.4123604044
9708.0,0.997868,531439.7588482465
9709.0,0.998152,531504.5195206901
9710.0,0.998289,531490.9740426092
9711.0,0.9981559999999999,531333.6858550458
9712.0,0.9968459999999999,530549.993760666
9713.0,0.993851,528869.8754964569
9714.0,0.9914799999999999,527522.2848202449
9715.0,0.992661,528064.664139183
9716.0,0.995763,529628.5906977805
9717.0,0.99713,530269.3208224163
9718.0,0.995964,529563.0015403832
9719.0,0.993936,528398.6318871768
9720.0,0.9943120000000001,528512.4316977139
9721.0,0.996524,529601.9133884868
9722.0,0.9977719999999999,530178.7846947998
9723.0,0.997967,530196.0124354517
9724.0,0.9978020000000001,530021.984427176
9725.0,0.997584,529819.8427733514
9726.0,0.9978370000000001,529867.8538543452
9727.0,0.9982030000000001,529975.8224880837
9728.0,0.997618,529578.9020050738
9729.0,0.9939100000000001,527524.5354122875
9730.0,0.9861469999999999,523318.94856917125
9731.0,0.983449,521802.11820689996
9732.0,0.989872,525124.4267681972
9733.0,0.995361,527950.2266617229
9734.0,0.9972,528839.3995550034
9735.0,0.9976659999999999,529000.2441217159
9736.0,0.997715,528939.9413016918
9737.0,0.9971,528527.6732710727
9738.0,0.996392,528066.229946505
9739.0,0.996756,528172.9595435454
9740.0,0.997366,528409.9646907966
9741.0,0.997442,528364.0007645795
9742.0,0.9974139999999999,528262.9482751348
9743.0,0.997287,528109.4819299646
9744.0,0.996143,527417.5833920927
9745.0,0.993088,525714.2566311251
9746.0,0.9907889999999999,524411.6051409121
9747.0,0.992617,525293.3676196638
9748.0,0.995825,526904.9979508435
9749.0,0.9974219999999999,527663.8167830878
9750.0,0.99721,527465.5113515767
9751.0,0.9945360000000001,525965.2082806962
9752.0,0.9893049999999999,523113.3125669812
9753.0,0.987513,522080.4647161554
9754.0,0.990502,523575.1490858856
9755.0,0.9930329999999999,524827.2662814169
9756.0,0.9935700000000001,525025.2772323043
9757.0,0.9940610000000001,525198.8983965219
9758.0,0.994941,525577.9306081411
9759.0,0.9958799999999999,525987.9790063506
9760.0,0.996924,526453.3199085825
9761.0,0.9973219999999999,526577.4046331479
9762.0,0.997574,526624.3530106614
9763.0,0.9976799999999999,526594.2028586562
9764.0,0.996334,525797.7734215932
9765.0,0.9947969999999999,524900.802399587
9766.0,0.995865,525378.3965753332
9767.0,0.9978049999999999,526315.7699257368
9768.0,0.998553,526624.1693967185
9769.0,0.998059,526277.5384797284
9770.0,0.9973540000000001,525819.757035224
9771.0,0.997568,525846.5348779946
9772.0,0.998218,526103.072798821
9773.0,0.9986209999999999,526229.3470418482
9774.0,0.998475,526066.3068529873
9775.0,0.9979950000000001,525727.3527309191
9776.0,0.997985,525636.0357287265
9777.0,0.998423,525780.6488340072
9778.0,0.9982639999999999,525610.8576617618
9779.0,0.9966079999999999,524653.021785259
9780.0,0.9946010000000001,523510.72828721185
9781.0,0.9948469999999999,523554.46538512176
9782.0,0.9969530000000001,524576.8617418018
9783.0,0.998599,525356.8985258504
9784.0,0.999017,525490.7207202757
9785.0,0.998676,525225.3030307869
9786.0,0.9981459999999999,524860.5678666084
9787.0,0.9979040000000001,524647.3464986075
9788.0,0.998331,524785.842164376
9789.0,0.9989299999999999,525014.6702021876
9790.0,0.998942,524934.9385850988
9791.0,0.998561,524648.7275225057
9792.0,0.9981120000000001,524326.8671195651
9793.0,0.9978,524077.04761609173
9794.0,0.998207,524204.8688589338
9795.0,0.9988100000000001,524435.5385705971
9796.0,0.998447,524158.98604227917
9797.0,0.9970370000000001,523332.9448166724
9798.0,0.9961,522755.3844683369
9799.0,0.9961540000000001,522697.98575377325
9800.0,0.995476,522256.55533933366
9801.0,0.99392,521354.6987972751
9802.0,0.993765,521187.8822745869
9803.0,0.995658,522095.0126891037
9804.0,0.9972709999999999,522855.02410160913
9805.0,0.99772,523004.59622274427
9806.0,0.9979889999999999,523059.757409229
9807.0,0.998682,523337.0668768016
9808.0,0.999082,523460.7490166739
9809.0,0.998534,523087.75394356955
9810.0,0.997641,522534.1593882451
9811.0,0.9974879999999999,522368.251205902
9812.0,0.9976889999999999,522387.72977073956
9813.0,0.997002,521942.30213811103
9814.0,0.9949950000000001,520806.07737842377
9815.0,0.9943620000000001,520389.27347809094
9816.0,0.995411,520852.6983077419
9817.0,0.9933,519662.73889295425
9818.0,0.9905649999999999,518146.74598201324
9819.0,0.9929690000000001,519318.90688375925
9820.0,0.996268,520958.6660852
9821.0,0.9972620000000001,521392.7553566558
9822.0,0.997232,521291.3966615776
9823.0,0.997268,521224.54507695744
9824.0,0.997697,521363.06285715866
9825.0,0.998091,521483.22702869656
9826.0,0.9983190000000001,521516.61291124165
9827.0,0.998224,521381.2607917146
9828.0,0.998461,521419.30996167473
9829.0,0.9989399999999999,521583.6825623118
9830.0,0.998826,521438.40344464156
9831.0,0.9979709999999999,520906.37446538993
9832.0,0.997007,520317.6143631578
9833.0,0.996542,519989.4018033602
9834.0,0.994557,518868.2799636398
9835.0,0.991085,516971.8537157997
9836.0,0.9909100000000001,516795.53550388024
9837.0,0.9938239999999999,518230.0148376601
9838.0,0.9962260000000001,519397.06234906067
9839.0,0.997101,519767.71180135856
9840.0,0.997549,519915.66866285825
9841.0,0.9978450000000001,519984.34735825163
9842.0,0.9977809999999999,519865.41453056666
9843.0,0.9976719999999999,519723.05759447603
9844.0,0.997526,519561.45493245806
9845.0,0.997444,519433.2132597109
9846.0,0.996948,519089.43177303014
9847.0,0.996287,518659.84457082313
9848.0,0.996416,518641.57834233367
9849.0,0.9968819999999999,518798.67904360744
9850.0,0.9971180000000001,518836.02971864364
9851.0,0.997461,518929.01374831935
9852.0,0.997618,518925.1955151288
9853.0,0.9971190000000001,518580.18593989516
9854.0,0.996158,517995.03227676905
9855.0,0.995583,517610.7345495761
9856.0,0.996033,517759.35946730187
9857.0,0.9962209999999999,517771.743593507
9858.0,0.9954540000000001,517287.83670650295
9859.0,0.995402,517175.55694807693
9860.0,0.9964850000000001,517652.90172549215
9861.0,0.996878,517771.68679879163
9862.0,0.996431,517454.19331172016
9863.0,0.9962469999999999,517273.33889195113
9864.0,0.9964639999999999,517300.6968029782
9865.0,0.996833,517406.920421669
9866.0,0.997043,517430.57256193634
9867.0,0.997094,517371.6940663049
9868.0,0.997187,517334.60335857177
9869.0,0.996828,517063.0477177336
9870.0,0.996167,516634.9366112801
9871.0,0.9962040000000001,516568.88481214095
9872.0,0.997131,516964.25587783655
9873.0,0.997682,517164.56985690776
9874.0,0.997208,516833.55916055274
9875.0,0.9969459999999999,516612.49412370165
9876.0,0.997432,516779.02705458744
9877.0,0.9976649999999999,516814.4240074314
9878.0,0.997301,516540.579062348
9879.0,0.9970620000000001,516331.53523157677
9880.0,0.997236,516336.37748664623
9881.0,0.997403,516337.5734648654
9882.0,0.997366,516233.15845915186
9883.0,0.9970709999999999,515995.2391964465
9884.0,0.996891,515816.8815696914
9885.0,0.997332,515959.8301805676
9886.0,0.9978100000000001,516121.84911717917
9887.0,0.997432,515841.0968259346
9888.0,0.9967600000000001,515408.3938034431
9889.0,0.996949,515420.9484492133
9890.0,0.997568,515655.75064259686
9891.0,0.996977,515265.0931629342
9892.0,0.992583,512909.3739434342
9893.0,0.984878,508843.7624374139
9894.0,0.9843049999999999,508463.6603363064
9895.0,0.991943,512324.52869187295
9896.0,0.9963770000000001,514529.5528612737
9897.0,0.996851,514689.21944168204
9898.0,0.995459,513885.52776559716
9899.0,0.9905889999999999,511286.9309847754
9900.0,0.9863790000000001,509029.77184765215
9901.0,0.990067,510848.49865363474
9902.0,0.9953690000000001,513499.24704863713
9903.0,0.996873,514190.0781396804
9904.0,0.997235,514291.71036705165
9905.0,0.99749,514338.1155509937
9906.0,0.997506,514261.26887999795
9907.0,0.996624,513721.54223976744
9908.0,0.9954370000000001,513024.78365304833
9909.0,0.9958319999999999,513143.4255610208
9910.0,0.9957879999999999,513035.8321228491
9911.0,0.9941200000000001,512091.6977376311
9912.0,0.9939120000000001,511899.80681550666
9913.0,0.9954879999999999,512626.62972453824
9914.0,0.996361,512991.2413643372
9915.0,0.9968379999999999,513151.8588871649
9916.0,0.9973420000000001,513326.29929052404
9917.0,0.997735,513443.5396275438
9918.0,0.997452,513212.90228483477
9919.0,0.9958440000000001,512300.68937400525
9920.0,0.99293,510717.0123010377
9921.0,0.9902200000000001,509238.74996340857
9922.0,0.9920459999999999,510093.2913703716
9923.0,0.996152,512119.6723916513
9924.0,0.9974,512676.31298701966
9925.0,0.9969540000000001,512362.1551827697
9926.0,0.9970979999999999,512351.2478799427
9927.0,0.998057,512759.035739103
9928.0,0.9984,512850.2457843911
9929.0,0.9963350000000001,511704.6875020725
9930.0,0.990757,508755.5563347838
9931.0,0.9870760000000001,506781.3338634145
9932.0,0.990183,508292.24051796965
9933.0,0.994742,510547.8597221306
9934.0,0.99731,511781.0061226867
9935.0,0.998217,512161.50326830323
9936.0,0.997957,511943.1928680794
9937.0,0.995181,510434.4623960933
9938.0,0.987217,506265.6960072018
9939.0,0.9810209999999999,503004.8093417586
9940.0,0.986935,505953.1874538486
9941.0,0.9953489999999999,510181.98192376824
9942.0,0.997914,511411.8521735339
9943.0,0.9975879999999999,511159.95738473244
9944.0,0.9970319999999999,510790.2941561251
9945.0,0.99755,510970.8636119074
9946.0,0.998714,511482.1955823342
9947.0,0.9990479999999999,511568.3309809773
9948.0,0.997808,510848.57518588577
9949.0,0.9950190000000001,509336.1266562987
9950.0,0.993347,508395.84133250377
9951.0,0.994914,509113.29552435677
9952.0,0.997133,510164.07443014364
9953.0,0.998237,510644.1101989071
9954.0,0.998124,510501.51801059855
9955.0,0.9965879999999999,509631.2645366324
9956.0,0.9946860000000001,508574.1470960004
9957.0,0.994985,508642.52528325096
9958.0,0.9967459999999999,509458.11971223477
9959.0,0.997822,509923.36283631116
9960.0,0.9976440000000001,509747.69776924886
9961.0,0.993399,507494.37614406704
9962.0,0.984592,502911.5966937482
9963.0,0.9828899999999999,501958.82103695854
9964.0,0.9907450000000001,505886.26053850754
9965.0,0.99624,508607.5304889567
9966.0,0.9977209999999999,509278.9603487602
9967.0,0.9983489999999999,509514.8117505726
9968.0,0.99872,509619.4242900185
9969.0,0.998361,509351.54458963947
9970.0,0.997158,508653.20669330726
9971.0,0.995561,507754.1334971872
9972.0,0.995598,507688.5699460122
9973.0,0.9971469999999999,508393.898802859
9974.0,0.9979629999999999,508725.31594079337
9975.0,0.9980209999999999,508670.2658687677
9976.0,0.9981030000000001,508627.44401335315
9977.0,0.9980319999999999,508506.6611184518
9978.0,0.997376,508087.8846628881
9979.0,0.997064,507844.4401234258
9980.0,0.997215,507836.8413919978
9981.0,0.9966889999999999,507484.51653377
9982.0,0.99624,507171.48822331155
9983.0,0.996878,507411.8278208874
9984.0,0.997675,507732.9848223197
9985.0,0.9976200000000001,507620.49018747394
9986.0,0.9970559999999999,507249.0605847224
9987.0,0.997183,507229.21988516534
9988.0,0.997725,507420.425161359
9989.0,0.9976889999999999,507317.63768687914
9990.0,0.996625,506692.220647413
9991.0,0.9942620000000001,505406.6794824323
9992.0,0.9917540000000001,504047.85161794454
9993.0,0.9859829999999999,501031.3491960523
9994.0,0.9747370000000001,495234.1508954222
9995.0,0.966015,490721.0176695531
9996.0,0.9606600000000001,487919.4684442024
9997.0,0.960907,487963.6163458897
9998.0,0.976662,495881.62319603143
9999.0,0.9908600000000001,503006.5665361832
10000.0,0.996014,505538.72615015856
