wl,flux,bflux
3000.0,0.794867,71926.3944802639
3001.0,0.717532,65056.217570079745
3002.0,0.6739350000000001,61223.541601576006
3003.0,0.667955,60799.461870818486
3004.0,0.722287,65873.93604729665
3005.0,0.7756689999999999,70881.14569620865
3006.0,0.768519,70365.30504760766
3007.0,0.7287319999999999,66852.9649670023
3008.0,0.716432,65853.04644227606
3009.0,0.74667,68766.48982586867
3010.0,0.788504,72760.97519187466
3011.0,0.8018930000000001,74140.70089317796
3012.0,0.7806810000000001,72320.0517892915
3013.0,0.767018,71192.57941782904
3014.0,0.764538,71100.3114812179
3015.0,0.7578060000000001,70611.09123355219
3016.0,0.7457550000000001,69622.99741240003
3017.0,0.723916,67715.10885606395
3018.0,0.700795,65679.29267631382
3019.0,0.661826,62147.05729186922
3020.0,0.598942,56350.78776071894
3021.0,0.600542,56610.409264908965
3022.0,0.709354,66996.60935920804
3023.0,0.789801,74738.3633493005
3024.0,0.777943,73757.97638284994
3025.0,0.7319829999999999,69533.92303872948
3026.0,0.724025,68910.12431611218
3027.0,0.774648,73869.782556684
3028.0,0.811479,77530.37072929801
3029.0,0.793991,76004.88872138952
3030.0,0.7542479999999999,72338.70042902866
3031.0,0.736209,70743.64949894082
3032.0,0.756432,72825.79767444391
3033.0,0.7912939999999999,76327.5753591261
3034.0,0.815399,78802.72276256137
3035.0,0.833558,80711.15210334741
3036.0,0.811968,78770.3055777546
3037.0,0.751606,73053.1537128294
3038.0,0.7369859999999999,71768.24145524175
3039.0,0.771936,75314.38262791684
3040.0,0.77503,75759.64317906673
3041.0,0.741325,72602.24647748162
3042.0,0.724083,71047.85891872781
3043.0,0.744609,73200.05057147049
3044.0,0.768173,75659.21333501377
3045.0,0.789267,77883.53201869364
3046.0,0.79808,78901.68173267943
3047.0,0.772552,76521.75497564086
3048.0,0.763775,75794.76965193843
3049.0,0.792279,78771.25632830596
3050.0,0.809186,80603.34183030222
3051.0,0.816761,81510.57803228698
3052.0,0.8242079999999999,82407.99211151517
3053.0,0.79696,79832.87905763464
3054.0,0.766231,76898.34291927428
3055.0,0.773018,77724.52929055157
3056.0,0.766487,77211.81385636727
3057.0,0.710723,71728.05207946169
3058.0,0.6764319999999999,68394.59069371382
3059.0,0.6968489999999999,70590.21001508448
3060.0,0.745414,75650.31844665298
3061.0,0.79022,80346.67254892792
3062.0,0.794722,80954.50449194209
3063.0,0.745151,76045.79755400826
3064.0,0.67537,69052.13105220922
3065.0,0.640872,65646.29991928412
3066.0,0.610499,62650.82455931846
3067.0,0.589061,60562.5606658393
3068.0,0.619514,63811.13295863689
3069.0,0.6821729999999999,70394.7831109582
3070.0,0.72218,74660.56504742982
3071.0,0.718645,74431.94011439304
3072.0,0.69903,72533.57958927887
3073.0,0.717857,74624.05620508698
3074.0,0.745142,77602.69825408881
3075.0,0.728105,75967.51344339103
3076.0,0.7354609999999999,76875.670719427
3077.0,0.757602,79335.0332737118
3078.0,0.738064,77430.45273411601
3079.0,0.7295659999999999,76678.83359130085
3080.0,0.741893,78116.82379557152
3081.0,0.73966,78023.7976916468
3082.0,0.736322,77813.26437264169
3083.0,0.747073,79093.18492038864
3084.0,0.770285,81699.02773211901
3085.0,0.78299,83197.51356470904
3086.0,0.746794,79495.56437460007
3087.0,0.677755,72277.31554033096
3088.0,0.64288,68682.4325440525
3089.0,0.642402,68755.64653393657
3090.0,0.637139,68315.7235101347
3091.0,0.630201,67693.94624162215
3092.0,0.612742,65937.4156207206
3093.0,0.602175,64917.2010119007
3094.0,0.635606,68644.71625117258
3095.0,0.6717420000000001,72677.9983588901
3096.0,0.668151,72419.52554225533
3097.0,0.654801,71100.1068928593
3098.0,0.648552,70548.02500345104
3099.0,0.610603,66539.17312132807
3100.0,0.570714,62303.81964526843
3101.0,0.575846,62976.635385575144
3102.0,0.6142310000000001,67294.73042351825
3103.0,0.677918,74404.97801784388
3104.0,0.714724,78584.69445716683
3105.0,0.695137,76567.42825000908
3106.0,0.680838,75126.08728142013
3107.0,0.7197979999999999,79566.49447127651
3108.0,0.776275,85962.11105970122
3109.0,0.781237,86665.33869806858
3110.0,0.743811,82660.0519483159
3111.0,0.7261850000000001,80844.42446901787
3112.0,0.741129,82654.33017742673
3113.0,0.754996,84349.93258153078
3114.0,0.747158,83621.91487544868
3115.0,0.762678,85509.768021128
3116.0,0.761571,85536.41483648478
3117.0,0.6968989999999999,78410.80409850339
3118.0,0.6475890000000001,72991.15503415244
3119.0,0.631898,71347.99068531708
3120.0,0.62466,70654.81172938549
3121.0,0.619449,70188.53395547057
3122.0,0.628616,71352.28788575662
3123.0,0.678207,77116.24725073908
3124.0,0.7026140000000001,80031.48129990452
3125.0,0.67099,76563.15686611508
3126.0,0.660111,75453.56673784964
3127.0,0.671294,76865.9292833495
3128.0,0.6619079999999999,75923.52305688488
3129.0,0.652411,74964.71543888107
3130.0,0.64098,73779.5998004927
3131.0,0.651642,75137.43656755175
3132.0,0.679844,78525.61776441484
3133.0,0.677921,78439.58066236966
3134.0,0.6822239999999999,79074.51747257853
3135.0,0.710738,82522.38525064252
3136.0,0.713105,82940.70010833869
3137.0,0.715762,83393.87071889898
3138.0,0.740947,86477.51825498232
3139.0,0.754903,88258.61458612699
3140.0,0.769307,90097.93183208225
3141.0,0.774018,90806.02905836185
3142.0,0.716205,84168.34008580759
3143.0,0.551741,64952.1850431252
3144.0,0.403882,47627.67764176899
3145.0,0.43222,51057.020992616825
3146.0,0.544726,64457.54036131885
3147.0,0.607889,72055.01755086133
3148.0,0.6557609999999999,77862.64545374627
3149.0,0.7184550000000001,85452.75686266522
3150.0,0.7521220000000001,89610.11706410749
3151.0,0.7521800000000001,89770.17873898725
3152.0,0.727895,87020.16676893544
3153.0,0.7209260000000001,86334.03561359331
3154.0,0.727136,87226.10730054893
3155.0,0.690062,82919.70745350356
3156.0,0.595438,71671.14024380226
3157.0,0.487212,58743.95406669508
3158.0,0.44589300000000004,53853.3347986094
3159.0,0.48511400000000005,58689.690495954244
3160.0,0.531984,64469.15268576842
3161.0,0.532223,64607.320335315504
3162.0,0.5381199999999999,65433.664029424486
3163.0,0.582331,70929.24737561402
3164.0,0.615138,75051.72052397286
3165.0,0.629869,76978.65275390286
3166.0,0.639208,78251.66186573952
3167.0,0.649407,79634.0771422685
3168.0,0.642988,78979.57532890147
3169.0,0.630293,77550.33424420345
3170.0,0.671227,82725.46085338114
3171.0,0.7409819999999999,91475.61711017629
3172.0,0.7773260000000001,96123.1781336008
3173.0,0.775116,96010.38085892088
3174.0,0.755346,93718.0653322989
3175.0,0.753401,93632.96819783891
3176.0,0.770501,95918.05220694671
3177.0,0.769971,96011.97142758388
3178.0,0.753625,94130.31670074095
3179.0,0.710593,88903.25915312576
3180.0,0.6493359999999999,81374.45706732849
3181.0,0.605873,76053.88761363717
3182.0,0.587029,73810.79876413186
3183.0,0.5919439999999999,74552.26351639706
3184.0,0.599715,75656.16416458898
3185.0,0.610054,77087.90024532731
3186.0,0.640407,81057.25141955662
3187.0,0.6630020000000001,84055.83031613633
3188.0,0.681818,86584.07153521894
3189.0,0.708815,90160.91621265438
3190.0,0.6924710000000001,88227.14380217544
3191.0,0.6292439999999999,80303.46115603969
3192.0,0.58498,74777.35336627913
3193.0,0.600288,76860.28031938686
3194.0,0.643211,82491.33585217407
3195.0,0.660253,84815.87939583394
3196.0,0.6625949999999999,85256.24386963194
3197.0,0.6705720000000001,86423.9383515174
3198.0,0.716982,92556.48034939988
3199.0,0.7457739999999999,96430.65166678611
3200.0,0.718191,93015.74120264615
3201.0,0.717655,93097.96381845657
3202.0,0.727484,94526.86059686345
3203.0,0.719739,93672.79788159674
3204.0,0.735101,95827.79271224694
3205.0,0.764092,99768.96965802775
3206.0,0.788517,103125.390833703
3207.0,0.785371,102880.59539018534
3208.0,0.756532,99263.44017925579
3209.0,0.744247,97809.68834407753
3210.0,0.732233,96386.49636708263
3211.0,0.712356,93921.59283358415
3212.0,0.6950930000000001,91793.53534230785
3213.0,0.6623979999999999,87616.99755669179
3214.0,0.651586,86325.80273548719
3215.0,0.6955520000000001,92299.0787674548
3216.0,0.7171350000000001,95316.24363305379
3217.0,0.699345,93101.1546794659
3218.0,0.715879,95455.32618649123
3219.0,0.75122,100328.42458310525
3220.0,0.772235,103300.3987843483
3221.0,0.772596,103514.21592051293
3222.0,0.7492489999999999,100546.76398458412
3223.0,0.7439060000000001,99989.34689702204
3224.0,0.755883,101761.46565694938
3225.0,0.753835,101647.69611679003
3226.0,0.742208,100239.45623400016
3227.0,0.71343,96506.29220354333
3228.0,0.6772739999999999,91761.2289590661
3229.0,0.662688,89927.7740067306
3230.0,0.690237,93814.99436786534
3231.0,0.722011,98289.35488924032
3232.0,0.7308180000000001,99646.01182504777
3233.0,0.713266,97406.87056300152
3234.0,0.673599,92135.34187242649
3235.0,0.654554,89671.90927961333
3236.0,0.6620229999999999,90838.40498909344
3237.0,0.707037,97168.03477079578
3238.0,0.74557,102625.17911456044
3239.0,0.728426,100423.31156841945
3240.0,0.736811,101739.16485030069
3241.0,0.755251,104449.34381264025
3242.0,0.751451,104087.07054827372
3243.0,0.771373,107014.25633798663
3244.0,0.8063859999999999,112047.10573911435
3245.0,0.8314030000000001,115704.18954429099
3246.0,0.825407,115049.53134780558
3247.0,0.777882,108594.79580988734
3248.0,0.728522,101862.87348719782
3249.0,0.734593,102872.0455848782
3250.0,0.778619,109207.45926431415
3251.0,0.792936,111388.80271943775
3252.0,0.777525,109393.93267420333
3253.0,0.766417,107998.78149601117
3254.0,0.776224,109550.66692727647
3255.0,0.810608,114580.9605768192
3256.0,0.8463440000000001,119817.84063116771
3257.0,0.867075,122942.94467401544
3258.0,0.8765299999999999,124475.9620582461
3259.0,0.876391,124648.70175473775
3260.0,0.868014,123648.0035034983
3261.0,0.860915,122826.07272056199
3262.0,0.867516,123958.71980374148
3263.0,0.8649459999999999,123781.93497075142
3264.0,0.832651,119343.65960126388
3265.0,0.815736,117099.06561705853
3266.0,0.8371719999999999,120360.87618437175
3267.0,0.8616659999999999,124072.58669069098
3268.0,0.8779520000000001,126611.53534950639
3269.0,0.886433,128030.49685279599
3270.0,0.8590260000000001,124261.96785625895
3271.0,0.79982,115874.52630861494
3272.0,0.776442,112659.5253087871
3273.0,0.803025,116694.54124012176
3274.0,0.825916,120204.11209215035
3275.0,0.82562,120344.15832928255
3276.0,0.795628,116149.04019801962
3277.0,0.7679189999999999,112274.50068752232
3278.0,0.769709,112707.24434602419
3279.0,0.7800060000000001,114388.44437318937
3280.0,0.798958,117345.5163198958
3281.0,0.809782,119115.53524664417
3282.0,0.803992,118442.93207701392
3283.0,0.812558,119885.96024940658
3284.0,0.8316389999999999,122886.65855681496
3285.0,0.8351069999999999,123585.45008256054
3286.0,0.8218219999999999,121802.92409875753
3287.0,0.789135,117134.6515115547
3288.0,0.771054,114623.16932850568
3289.0,0.80195,119395.46897236822
3290.0,0.847864,126420.96127382376
3291.0,0.865732,129279.03599476287
3292.0,0.869941,130102.4812968967
3293.0,0.882719,132211.36972652609
3294.0,0.889333,133401.49380004875
3295.0,0.8752340000000001,131483.06697116393
3296.0,0.865174,130166.09379154668
3297.0,0.867187,130663.81822159393
3298.0,0.8670690000000001,130840.9915139953
3299.0,0.8607360000000001,130078.98033145716
3300.0,0.865869,131049.6137561616
3301.0,0.8598690000000001,130335.17909239279
3302.0,0.82125,124666.55552936616
3303.0,0.8113229999999999,123342.56986196879
3304.0,0.829684,126321.11724661977
3305.0,0.819319,124927.9803860673
3306.0,0.799949,122155.17062994545
3307.0,0.7968689999999999,121864.93515265892
3308.0,0.7959729999999999,121907.90112986618
3309.0,0.807294,123824.43203040607
3310.0,0.823407,126482.28163371753
3311.0,0.8372450000000001,128797.55864210041
3312.0,0.8487809999999999,130764.56256060502
3313.0,0.8302,128090.20154538346
3314.0,0.795926,122982.7082464538
3315.0,0.784971,121468.1932268631
3316.0,0.793547,122975.50928602563
3317.0,0.799697,124110.31492786674
3318.0,0.805897,125255.78824445044
3319.0,0.8146979999999999,126809.03268940123
3320.0,0.808992,126105.04494384766
3321.0,0.794007,123950.04285423594
3322.0,0.755627,118130.85713128709
3323.0,0.726785,113787.56461777154
3324.0,0.7696350000000001,120671.86887106358
3325.0,0.82206,129079.2851788039
3326.0,0.8112659999999999,127569.70162204398
3327.0,0.7808,122957.41476461502
3328.0,0.778399,122757.28289790271
3329.0,0.771965,121919.20248285525
3330.0,0.775277,122619.7238964407
3331.0,0.8065760000000001,127754.75900059807
3332.0,0.819534,129994.97144495833
3333.0,0.8084939999999999,128429.14510186025
3334.0,0.792346,126045.77765064604
3335.0,0.7742180000000001,123339.66578324941
3336.0,0.755402,120515.56304002988
3337.0,0.756209,120818.037342226
3338.0,0.785359,125655.79475465413
3339.0,0.793611,127158.60894053197
3340.0,0.768501,123312.11637306314
3341.0,0.761305,122332.72623198279
3342.0,0.7683180000000001,123636.60491547715
3343.0,0.780215,125730.85904372061
3344.0,0.8020109999999999,129428.18791722694
3345.0,0.817437,132106.20925771652
3346.0,0.80118,129663.836541668
3347.0,0.7657069999999999,124099.67674706902
3348.0,0.711267,115440.81753859809
3349.0,0.661754,107557.6853273603
3350.0,0.710029,115568.24959860793
3351.0,0.798479,130149.63699101715
3352.0,0.833448,136042.443575083
3353.0,0.823475,134605.32047539085
3354.0,0.810388,132653.9361346039
3355.0,0.82514,135260.05282631013
3356.0,0.8240059999999999,135265.33094334093
3357.0,0.757645,124547.65123339006
3358.0,0.622638,102498.73366399966
3359.0,0.47012299999999996,77500.93035979428
3360.0,0.383959,63385.84028712641
3361.0,0.41007899999999997,67793.23472817143
3362.0,0.541366,89623.24711125162
3363.0,0.687539,113982.2831222279
3364.0,0.766073,127180.32517867605
3365.0,0.782678,130119.41703927952
3366.0,0.773634,128796.23985467154
3367.0,0.75626,126080.19370576549
3368.0,0.707863,118176.87399968822
3369.0,0.644271,107710.70426034459
3370.0,0.604295,101168.59729223467
3371.0,0.575933,96554.95948191674
3372.0,0.568476,95437.73002919485
3373.0,0.617768,103857.57313075029
3374.0,0.692521,116586.95376125122
3375.0,0.759207,127991.43505718703
3376.0,0.8066800000000001,136183.70445380392
3377.0,0.81818,138316.92170312454
3378.0,0.799038,135268.2726818079
3379.0,0.749441,127047.89322076507
3380.0,0.696934,118310.32135740636
3381.0,0.715558,121639.95219347856
3382.0,0.768457,130812.98109622428
3383.0,0.763579,130162.10882695785
3384.0,0.7436470000000001,126939.33398554858
3385.0,0.760039,129916.25847760499
3386.0,0.773403,132382.6828331119
3387.0,0.751173,128754.51051233937
3388.0,0.723383,124161.62747994567
3389.0,0.755373,129830.47024700737
3390.0,0.793086,136499.47792385024
3391.0,0.762424,131402.08600944318
3392.0,0.713282,123100.9544457417
3393.0,0.709126,122551.1752830999
3394.0,0.7338060000000001,126989.76151333385
3395.0,0.761627,131984.40548097304
3396.0,0.804297,139569.0236030495
3397.0,0.84644,147082.34175139645
3398.0,0.862759,150122.25705710248
3399.0,0.860355,149907.7092967779
3400.0,0.868273,151493.0593278504
3401.0,0.859985,150250.85091516539
3402.0,0.818515,143199.597322365
3403.0,0.796371,139514.4358878937
3404.0,0.802021,140694.614605367
3405.0,0.803261,141102.88935767964
3406.0,0.792795,139452.75125681172
3407.0,0.780443,137465.52710056835
3408.0,0.779329,137454.62141102913
3409.0,0.761722,134530.38158214203
3410.0,0.7694989999999999,136087.04101568184
3411.0,0.81884,145008.03519046758
3412.0,0.811196,143847.59229264373
3413.0,0.754035,133891.05124613002
3414.0,0.7473420000000001,132880.77686116085
3415.0,0.791974,141005.44630822964
3416.0,0.813449,145023.0253934985
3417.0,0.808433,144321.75654333574
3418.0,0.8368459999999999,149593.916893838
3419.0,0.8728899999999999,156245.67264334115
3420.0,0.8678370000000001,155548.6363693319
3421.0,0.8501340000000001,152578.8978426725
3422.0,0.837249,150466.64711688535
3423.0,0.811775,146082.863583886
3424.0,0.8037979999999999,144839.82614278412
3425.0,0.822924,148483.34828465682
3426.0,0.822116,148534.5733369798
3427.0,0.818336,148047.8200857405
3428.0,0.854442,154784.80876815668
3429.0,0.891968,161796.78509782258
3430.0,0.894502,162471.15846224327
3431.0,0.8753290000000001,159198.9160646396
3432.0,0.8459899999999999,154066.1849491205
3433.0,0.816189,148835.19060140828
3434.0,0.839959,153371.70743464865
3435.0,0.8928510000000001,163244.25677794722
3436.0,0.894955,163844.30886805445
3437.0,0.860656,157772.2020846034
3438.0,0.8455030000000001,155198.04570110972
3439.0,0.839643,154324.70690253563
3440.0,0.802416,147675.87347096737
3441.0,0.7694949999999999,141802.6790570393
3442.0,0.771226,142307.71581851426
3443.0,0.760799,140567.31758662543
3444.0,0.758306,140289.7827933047
3445.0,0.797566,147745.68182781988
3446.0,0.8338040000000001,154660.08397936999
3447.0,0.864503,160563.32896172913
3448.0,0.8895870000000001,165437.27499126992
3449.0,0.883243,164471.14488996027
3450.0,0.87565,163269.14745405354
3451.0,0.864273,161357.09682434733
3452.0,0.822105,153683.57662148227
3453.0,0.8042630000000001,150543.0792865959
3454.0,0.8441709999999999,158217.73488278466
3455.0,0.8827020000000001,165653.40453371286
3456.0,0.8893280000000001,167112.6154293192
3457.0,0.880123,165596.49847278028
3458.0,0.860606,162133.2736799842
3459.0,0.846673,159714.00154416962
3460.0,0.8298709999999999,156746.14265266195
3461.0,0.8042229999999999,152097.21171814718
3462.0,0.811809,153729.28622701205
3463.0,0.856824,162462.02209967794
3464.0,0.8861829999999999,168244.40330886326
3465.0,0.867308,164872.05150261146
3466.0,0.8446450000000001,160769.58153435792
3467.0,0.863084,164489.50986510064
3468.0,0.8878020000000001,169416.70633624954
3469.0,0.8970670000000001,171403.41489038125
3470.0,0.9035989999999999,172871.86027659551
3471.0,0.9009969999999999,172593.8768135588
3472.0,0.880281,168840.38884356257
3473.0,0.852384,163697.7773744134
3474.0,0.818287,157349.4125391206
3475.0,0.781533,150472.895480438
3476.0,0.752528,145072.33703303113
3477.0,0.767912,148225.82895325831
3478.0,0.8352790000000001,161433.6218351437
3479.0,0.8833260000000001,170935.7650680672
3480.0,0.894075,173234.6973115531
3481.0,0.894841,173602.2357926289
3482.0,0.879134,170770.37477839264
3483.0,0.844899,164327.32027433734
3484.0,0.844317,164421.09637408235
3485.0,0.8735430000000001,170326.73852886437
3486.0,0.900063,175718.50352627458
3487.0,0.9158059999999999,179016.73190028526
3488.0,0.893943,174962.5218052451
3489.0,0.8416680000000001,164937.94856085253
3490.0,0.797346,156448.2371345538
3491.0,0.80195,157548.66848449482
3492.0,0.840132,165256.3188896525
3493.0,0.8588520000000001,169149.8014607803
3494.0,0.8616299999999999,169908.88815149412
3495.0,0.826534,163191.542321375
3496.0,0.777722,153745.51591598566
3497.0,0.779296,154248.58338908482
3498.0,0.8307180000000001,164631.34825485395
3499.0,0.8768,173979.92774958556
3500.0,0.8703719999999999,172919.00259448303
3501.0,0.853132,169704.26742043064
3502.0,0.857196,170724.1279536909
3503.0,0.874101,174306.72229665468
3504.0,0.878411,175383.02375928263
3505.0,0.859209,171761.3285555768
3506.0,0.8539329999999999,170917.55555355732
3507.0,0.873863,175122.54006045524
3508.0,0.8925549999999999,179089.0457809279
3509.0,0.877526,176290.490354512
3510.0,0.835883,168131.37408947354
3511.0,0.832174,167591.23790593975
3512.0,0.8456459999999999,170513.6620271587
3513.0,0.8196129999999999,165467.36767595855
3514.0,0.803863,162486.7744728171
3515.0,0.841419,170286.5208116578
3516.0,0.8907,180480.76028861056
3517.0,0.906774,183962.60158049178
3518.0,0.8948200000000001,181759.32995168294
3519.0,0.864439,175802.66458888043
3520.0,0.8290930000000001,168820.01852002414
3521.0,0.823486,167882.73422098914
3522.0,0.845866,172655.34408058962
3523.0,0.8463639999999999,172967.22082237384
3524.0,0.809925,165721.60220636716
3525.0,0.776233,159020.6926548467
3526.0,0.752484,154342.50880856128
3527.0,0.779081,159991.59641333707
3528.0,0.83949,172605.99947372265
3529.0,0.8686959999999999,178827.172700242
3530.0,0.875451,180435.66677156708
3531.0,0.8818370000000001,181971.4470060622
3532.0,0.8807520000000001,181966.93700078176
3533.0,0.8761899999999999,181242.72525450905
3534.0,0.8829049999999999,182851.8012324124
3535.0,0.879627,182392.22595053748
3536.0,0.8759290000000001,181843.89021631202
3537.0,0.893342,185681.71098691563
3538.0,0.913228,190042.92030557423
3539.0,0.9244700000000001,192613.1489918311
3540.0,0.9124209999999999,190330.56926272355
3541.0,0.893199,186543.9638692162
3542.0,0.8997459999999999,188136.09670221424
3543.0,0.921747,192966.84840599322
3544.0,0.9278270000000001,194471.6407814862
3545.0,0.915168,192047.17979231672
3546.0,0.910768,191351.66367421456
3547.0,0.902167,189770.33478963637
3548.0,0.880495,185432.01790003246
3549.0,0.8835629999999999,186299.34666818017
3550.0,0.900136,190019.18878515568
3551.0,0.8977379999999999,189737.85763402077
3552.0,0.884467,187154.6453695106
3553.0,0.87108,184540.27013826152
3554.0,0.861648,182758.11287499263
3555.0,0.867296,184173.58193077368
3556.0,0.866417,184204.2756772046
3557.0,0.856722,182358.0551459093
3558.0,0.8596600000000001,183199.20442859473
3559.0,0.87115,185866.52420748785
3560.0,0.8720950000000001,186287.17096930486
3561.0,0.850517,181891.58434280503
3562.0,0.855513,183175.00805547307
3563.0,0.88651,190034.64621925275
3564.0,0.872675,187288.35174336127
3565.0,0.8080069999999999,173612.89741358982
3566.0,0.774065,166514.65653099504
3567.0,0.804964,173364.1165658683
3568.0,0.831823,179358.07748871416
3569.0,0.807046,174218.83824966085
3570.0,0.7774439999999999,168024.3773052733
3571.0,0.785644,169994.50265761983
3572.0,0.7897460000000001,171081.07146899137
3573.0,0.801452,173818.91649156163
3574.0,0.822966,178692.34861892034
3575.0,0.826168,179595.94375972863
3576.0,0.823506,179224.98846315412
3577.0,0.839885,183001.566081519
3578.0,0.857276,187007.22432401817
3579.0,0.8608,187993.2535311241
3580.0,0.837564,183130.14761418544
3581.0,0.800747,175282.49701709196
3582.0,0.8238549999999999,180548.9437379229
3583.0,0.8557799999999999,187761.6069031066
3584.0,0.807284,177325.44089389365
3585.0,0.7249770000000001,159429.44227887204
3586.0,0.699674,154042.0116363031
3587.0,0.71331,157224.58568370598
3588.0,0.733992,161968.93525674005
3589.0,0.743352,164222.52429164594
3590.0,0.7678649999999999,169832.3599700105
3591.0,0.83391,184651.00322695318
3592.0,0.87179,193259.49742654525
3593.0,0.8613879999999999,191171.79094362198
3594.0,0.8546450000000001,189891.8529960446
3595.0,0.862427,191839.51249044194
3596.0,0.873926,194618.92800328654
3597.0,0.8895270000000001,198318.76370722812
3598.0,0.909912,203094.36681142126
3599.0,0.929509,207704.28484147595
3600.0,0.9211219999999999,206063.9128075643
3601.0,0.882978,197754.85719203047
3602.0,0.84583,189649.80906516884
3603.0,0.8463809999999999,189988.29236432025
3604.0,0.862182,193754.16829327648
3605.0,0.857118,192833.9280203385
3606.0,0.8629870000000001,194373.64395471162
3607.0,0.884698,199488.57159950744
3608.0,0.8713700000000001,196704.81599876226
3609.0,0.8286319999999999,187267.78194372574
3610.0,0.811211,183537.04538279952
3611.0,0.829108,187797.2001080256
3612.0,0.8388100000000001,190208.21617717226
3613.0,0.8234530000000001,186935.4722005494
3614.0,0.840564,191033.91824846604
3615.0,0.891325,202797.28873722718
3616.0,0.9232940000000001,210306.16029497737
3617.0,0.9086299999999999,207197.5150359459
3618.0,0.85105,194284.25340057167
3619.0,0.818291,187014.34634424906
3620.0,0.854324,195467.22394612335
3621.0,0.889516,203745.8909459163
3622.0,0.897437,205789.11025300715
3623.0,0.8970239999999999,205923.24503712557
3624.0,0.8839239999999999,203141.51965743455
3625.0,0.8871180000000001,204101.96776470903
3626.0,0.910523,209719.2614727382
3627.0,0.899598,207432.61795509976
3628.0,0.871768,201238.10955376952
3629.0,0.862714,199368.46268146957
3630.0,0.8311139999999999,192278.2194971423
3631.0,0.784412,181674.16536374035
3632.0,0.799135,185288.35228513434
3633.0,0.843835,195868.27412236755
3634.0,0.8477110000000001,196984.72362677724
3635.0,0.828126,192645.5088442676
3636.0,0.840147,195656.85246876624
3637.0,0.869014,202601.86631646508
3638.0,0.8719879999999999,203518.38034351185
3639.0,0.863909,201853.90848369035
3640.0,0.87035,203581.68677350436
3641.0,0.8653049999999999,202623.20160635692
3642.0,0.8349700000000001,195733.69417491942
3643.0,0.8207899999999999,192619.88295382267
3644.0,0.829968,194986.39933688886
3645.0,0.829208,195020.3560653458
3646.0,0.835441,196700.43206669262
3647.0,0.838082,197537.10615044902
3648.0,0.836325,197337.43380447937
3649.0,0.846859,200040.21186712247
3650.0,0.853353,201793.0935627217
3651.0,0.8402709999999999,198915.17360979223
3652.0,0.839465,198939.7970899948
3653.0,0.874925,207567.81896896314
3654.0,0.908409,215744.79323794102
3655.0,0.9355620000000001,222433.783229428
3656.0,0.948649,225788.90074214642
3657.0,0.936803,223210.05339255952
3658.0,0.918342,219047.32301101566
3659.0,0.9063709999999999,216424.84302758446
3660.0,0.8931469999999999,213496.7375267216
3661.0,0.887812,212449.6805313237
3662.0,0.895192,214445.83703973977
3663.0,0.904101,216812.49979684612
3664.0,0.8890170000000001,213423.85338092814
3665.0,0.886358,213013.5197441102
3666.0,0.916695,220540.09420146825
3667.0,0.9335389999999999,224832.68039923243
3668.0,0.9149930000000001,220601.57476138987
3669.0,0.875131,211216.2636242461
3670.0,0.862015,208272.60444754307
3671.0,0.883433,213674.9283541803
3672.0,0.89131,215809.68935875632
3673.0,0.8649049999999999,209639.1390330465
3674.0,0.856718,207875.4673248378
3675.0,0.888901,215913.46012592613
3676.0,0.900475,218956.8552172461
3677.0,0.875444,213096.0556339713
3678.0,0.8526299999999999,207762.61028767982
3679.0,0.8426020000000001,205536.3322914163
3680.0,0.85216,208087.5922290536
3681.0,0.8653120000000001,211522.35880586496
3682.0,0.825156,201919.24866288106
3683.0,0.801465,196328.75735809276
3684.0,0.833101,204293.3831907394
3685.0,0.8393200000000001,206035.04531163094
3686.0,0.814376,200122.0602106742
3687.0,0.792044,194838.76742588767
3688.0,0.818662,201598.0638558536
3689.0,0.877806,216389.1709679529
3690.0,0.903508,222958.39415315154
3691.0,0.8891469999999999,219644.2481174619
3692.0,0.868812,214845.42727248362
3693.0,0.850548,210548.79659150445
3694.0,0.8521709999999999,211170.82373815475
3695.0,0.8885870000000001,220424.5393735289
3696.0,0.89654,222629.17513001556
3697.0,0.8644950000000001,214895.2957914961
3698.0,0.865394,215342.58202634775
3699.0,0.909559,226567.76612990242
3700.0,0.942917,235121.0549414648
3701.0,0.943507,235512.2976121611
3702.0,0.921738,230316.9816902508
3703.0,0.865569,216505.91528590716
3704.0,0.803286,201134.91860002125
3705.0,0.76798,192493.4647074628
3706.0,0.759944,190676.017710637
3707.0,0.792291,198997.3114147148
3708.0,0.824843,207386.93051014867
3709.0,0.8324020000000001,209503.07952483086
3710.0,0.822102,207123.70582779247
3711.0,0.815558,205686.29912187258
3712.0,0.831874,210016.81777284938
3713.0,0.883627,223311.51305269284
3714.0,0.927457,234628.70113188113
3715.0,0.928876,235228.4867371145
3716.0,0.922617,233882.6731336753
3717.0,0.9326129999999999,236658.4897774913
3718.0,0.928925,235963.54211044294
3719.0,0.884808,224986.53800705087
3720.0,0.8195469999999999,208604.75276707677
3721.0,0.756239,192686.750133378
3722.0,0.724762,184854.59445517536
3723.0,0.77331,197437.71670655717
3724.0,0.850715,217421.1807438516
3725.0,0.9084260000000001,232406.4558474384
3726.0,0.9167799999999999,234781.6998070912
3727.0,0.8787020000000001,225258.3064730049
3728.0,0.8755459999999999,224676.61062506356
3729.0,0.909078,233517.45411455433
3730.0,0.917831,236004.2555252498
3731.0,0.9064270000000001,233307.3749456363
3732.0,0.8706229999999999,224317.8847213846
3733.0,0.802739,207036.00025236857
3734.0,0.740464,191166.94753570788
3735.0,0.738648,190890.07324669237
3736.0,0.768658,198845.39707923005
3737.0,0.776148,200984.7551037916
3738.0,0.813843,210957.515382645
3739.0,0.868552,225364.54937801
3740.0,0.898862,233462.8680123949
3741.0,0.8972459999999999,233276.48267133796
3742.0,0.886208,230637.19022995204
3743.0,0.8765639999999999,228355.3342704612
3744.0,0.8676440000000001,226257.2843461643
3745.0,0.835535,218101.54149344194
3746.0,0.8081079999999999,211152.4838524074
3747.0,0.816967,213679.87334409548
3748.0,0.793523,207754.55404884298
3749.0,0.744556,195128.15871053457
3750.0,0.747984,196221.25448104556
3751.0,0.82257,216001.80656160455
3752.0,0.88431,232444.59234120717
3753.0,0.899075,236559.74490251663
3754.0,0.91146,240055.77784654225
3755.0,0.934107,246263.71181278737
3756.0,0.937241,247334.06558901703
3757.0,0.893632,236058.61293468575
3758.0,0.8317979999999999,219941.46351082993
3759.0,0.8116359999999999,214821.75456418676
3760.0,0.8291149999999999,219664.09110658104
3761.0,0.850669,225596.2413830925
3762.0,0.8811129999999999,233899.578674704
3763.0,0.893774,237493.5095064969
3764.0,0.886724,235851.31934312684
3765.0,0.901819,240101.38607861134
3766.0,0.905741,241381.71810038446
3767.0,0.8925549999999999,238100.34045754143
3768.0,0.898566,239938.15510442114
3769.0,0.889809,237831.87201502812
3770.0,0.83924,224534.4504982143
3771.0,0.8281370000000001,221779.89350255358
3772.0,0.8807969999999999,236112.29595970415
3773.0,0.9115540000000001,244595.01302932587
3774.0,0.890653,239219.05778191148
3775.0,0.8647819999999999,232496.0343748859
3776.0,0.8746950000000001,235389.36902016797
3777.0,0.913328,246024.23520196512
3778.0,0.942052,254007.4983514734
3779.0,0.953317,257293.7090878506
3780.0,0.964692,260615.53615692846
3781.0,0.970533,262446.8429589567
3782.0,0.9613370000000001,260211.05997115606
3783.0,0.941307,255035.15971560136
3784.0,0.9356979999999999,253759.7704051245
3785.0,0.9282309999999999,251977.09812380574
3786.0,0.893059,242662.5245767704
3787.0,0.870383,236728.28219840466
3788.0,0.8701469999999999,236891.3426448559
3789.0,0.880353,239899.7831059667
3790.0,0.896596,244560.25458283623
3791.0,0.9174389999999999,250485.14920727178
3792.0,0.927206,253394.01431895455
3793.0,0.911659,249383.3798002831
3794.0,0.8839459999999999,242033.461884206
3795.0,0.870441,238563.08550051835
3796.0,0.859569,235807.98433308603
3797.0,0.804461,220900.26932489921
3798.0,0.7565189999999999,207933.3794969
3799.0,0.7898229999999999,217293.58371629604
3800.0,0.86493,238182.84233506274
3801.0,0.9200440000000001,253600.51425456782
3802.0,0.943047,260187.55698705013
3803.0,0.953616,263352.83717231406
3804.0,0.952749,263362.47495402285
3805.0,0.934934,258682.41229727108
3806.0,0.903216,250142.6582888083
3807.0,0.878724,243589.43706522998
3808.0,0.894935,248317.26560382807
3809.0,0.9284309999999999,257854.16643739786
3810.0,0.9437840000000001,262364.97826106724
3811.0,0.93609,260470.90966337264
3812.0,0.900941,250926.18131722137
3813.0,0.8547,238270.88197196872
3814.0,0.838239,233901.17905223582
3815.0,0.840245,234680.7146577984
3816.0,0.8518889999999999,238155.72775355395
3817.0,0.885641,247823.18127829087
3818.0,0.9057459999999999,253685.9825985723
3819.0,0.887015,248671.76762539896
3820.0,0.845701,237310.7827942563
3821.0,0.838965,235640.11231958857
3822.0,0.8710100000000001,244868.49324124417
3823.0,0.875107,246249.27227523175
3824.0,0.8366469999999999,235645.8126203676
3825.0,0.804611,226833.26603758833
3826.0,0.801776,226243.85145579922
3827.0,0.811621,229234.30112860483
3828.0,0.814542,230272.48438090418
3829.0,0.819138,231786.1681011059
3830.0,0.8274739999999999,234361.52752722756
3831.0,0.813066,230493.6299849651
3832.0,0.769601,218373.31012215823
3833.0,0.7407779999999999,210388.72425438513
3834.0,0.721176,205010.32952638777
3835.0,0.700357,199275.4003003591
3836.0,0.720168,205100.83054876933
3837.0,0.766832,218591.29052972628
3838.0,0.7841229999999999,223725.50213776773
3839.0,0.786304,224553.64102848404
3840.0,0.7807109999999999,223160.78386047765
3841.0,0.779597,223046.46688124706
3842.0,0.807808,231329.27382187548
3843.0,0.833981,239042.7098798896
3844.0,0.8440979999999999,242163.54602469679
3845.0,0.8401059999999999,241238.25538089944
3846.0,0.8323139999999999,239218.70573877092
3847.0,0.8344860000000001,240061.48233260107
3848.0,0.834026,240147.54877350616
3849.0,0.809094,233180.55821569738
3850.0,0.780409,225117.91804087954
3851.0,0.7927850000000001,228895.52668111326
3852.0,0.826586,238871.1289464134
3853.0,0.843074,243856.70345201192
3854.0,0.8474379999999999,245340.91040683544
3855.0,0.8392120000000001,243179.19112244062
3856.0,0.815535,236531.86999344587
3857.0,0.799361,232050.23067796443
3858.0,0.778751,226271.2131015314
3859.0,0.750388,218226.68668371203
3860.0,0.749963,218299.50895688994
3861.0,0.785249,228776.23472765932
3862.0,0.8349610000000001,243478.127951403
3863.0,0.869733,253845.5837293311
3864.0,0.8651120000000001,252723.45663492428
3865.0,0.832198,243326.32188086503
3866.0,0.80542,235707.65865260665
3867.0,0.7915409999999999,231853.26393634418
3868.0,0.771338,226137.556585992
3869.0,0.729182,213969.43064877126
3870.0,0.6487109999999999,190526.12403613812
3871.0,0.552854,162517.77222271613
3872.0,0.524926,154445.50680461907
3873.0,0.592975,174622.42827389456
3874.0,0.6877850000000001,202722.72768059303
3875.0,0.755564,222898.30012542996
3876.0,0.768224,226834.33112239974
3877.0,0.715835,211552.8670844519
3878.0,0.648529,191831.5858995082
3879.0,0.63093,186791.14385187146
3880.0,0.6274489999999999,185924.91017082107
3881.0,0.5837760000000001,173136.6814330523
3882.0,0.533751,158440.0302215613
3883.0,0.575176,170887.38040161188
3884.0,0.718878,213770.17345556486
3885.0,0.8209209999999999,244329.34019051978
3886.0,0.8263299999999999,246155.63194265307
3887.0,0.807121,240644.84547267176
3888.0,0.760562,226962.37111975622
3889.0,0.69613,207917.27207623303
3890.0,0.7172229999999999,214405.0787652326
3891.0,0.791343,236769.59380811284
3892.0,0.8269540000000001,247640.9614520024
3893.0,0.8194530000000001,245609.29917382097
3894.0,0.7963060000000001,238880.13388903096
3895.0,0.758483,227732.41357923837
3896.0,0.773036,232304.3443591416
3897.0,0.806547,242585.90888992418
3898.0,0.8023170000000001,241523.7404195842
3899.0,0.812371,244763.04533152917
3900.0,0.816823,246318.2914634639
3901.0,0.785135,236968.1492470299
3902.0,0.754851,228025.52871174843
3903.0,0.793285,239843.383320966
3904.0,0.84529,255787.99554999874
3905.0,0.816778,247374.00045543426
3906.0,0.782134,237086.29266675853
3907.0,0.8170310000000001,247878.43211696978
3908.0,0.8589100000000001,260808.92936836605
3909.0,0.864059,262598.6286298919
3910.0,0.831887,253038.91603494005
3911.0,0.843985,256939.75254601528
3912.0,0.891447,271622.2618534185
3913.0,0.87239,266043.98244908545
3914.0,0.823485,251345.46305523644
3915.0,0.810492,247591.85548722025
3916.0,0.8308,254013.05809814305
3917.0,0.8706209999999999,266415.9952925372
3918.0,0.8909549999999999,272871.51254430396
3919.0,0.8638129999999999,264784.83338517556
3920.0,0.788169,241803.91605006307
3921.0,0.737891,226572.12352678637
3922.0,0.775108,238202.56435846988
3923.0,0.84252,259139.76137249987
3924.0,0.8878030000000001,273300.06619929
3925.0,0.89564,275946.9349022583
3926.0,0.868469,267802.761027497
3927.0,0.798335,246384.96751001556
3928.0,0.715787,221095.96870830478
3929.0,0.676713,209203.61738389116
3930.0,0.6193529999999999,191632.97466894155
3931.0,0.5022909999999999,155544.40376975507
3932.0,0.344395,106738.8460414221
3933.0,0.203292,63059.75796240148
3934.0,0.173059,53726.954089769206
3935.0,0.275818,85701.08664478813
3936.0,0.45261,140751.5663128737
3937.0,0.627758,195382.82736720366
3938.0,0.74851,233161.29481109662
3939.0,0.819362,255445.9744417047
3940.0,0.8523440000000001,265951.3635354335
3941.0,0.859491,268406.10558489827
3942.0,0.8495280000000001,265516.9039895271
3943.0,0.806036,252134.34844580488
3944.0,0.782193,244880.53958814408
3945.0,0.840885,263474.9948153517
3946.0,0.905956,284100.52269804565
3947.0,0.9172030000000001,287867.2103935585
3948.0,0.9002379999999999,282777.95999620063
3949.0,0.890343,279902.46692287846
3950.0,0.8908590000000001,280297.4774677365
3951.0,0.878584,276664.8755774423
3952.0,0.8367760000000001,263718.22812941635
3953.0,0.8291950000000001,261545.64027692037
3954.0,0.890977,281265.7558555117
3955.0,0.927201,292943.2492421938
3956.0,0.9077049999999999,287020.7182653694
3957.0,0.8942030000000001,282984.8844005817
3958.0,0.909532,288073.5446135792
3959.0,0.929077,294506.61910374876
3960.0,0.919148,291599.27311926184
3961.0,0.858292,272516.85977198556
3962.0,0.791996,251673.9712674305
3963.0,0.780034,248076.44604934295
3964.0,0.794469,252874.66543567192
3965.0,0.754609,240384.46376869376
3966.0,0.622146,198350.11673741048
3967.0,0.42586899999999994,135885.0224736022
3968.0,0.259752,82948.69572805634
3969.0,0.247167,78994.33189689573
3970.0,0.394142,126070.25361275973
3971.0,0.576009,184392.53306845482
3972.0,0.698055,223644.14796706778
3973.0,0.766523,245780.03801138498
3974.0,0.811649,260461.10537432964
3975.0,0.8635309999999999,277335.4873943518
3976.0,0.909806,292434.68655259704
3977.0,0.9263819999999999,298004.2497454685
3978.0,0.935638,301225.78816511866
3979.0,0.950685,306318.03926679667
3980.0,0.953673,307529.47022767196
3981.0,0.9206200000000001,297110.95570273197
3982.0,0.866699,279935.03238360136
3983.0,0.858665,277563.97585862724
3984.0,0.905175,292834.31020747195
3985.0,0.935075,302751.0190473038
3986.0,0.915219,296560.7299749458
3987.0,0.894291,290012.4284783871
3988.0,0.915525,297137.0327069032
3989.0,0.939119,305039.2430560232
3990.0,0.945184,307255.4899281459
3991.0,0.955355,310810.70137348864
3992.0,0.9642930000000001,313969.72954464995
3993.0,0.951416,310024.8370385925
3994.0,0.915093,298427.08261181915
3995.0,0.8997040000000001,293642.7651438666
3996.0,0.91845,300000.1810515025
3997.0,0.9224620000000001,301550.8236353659
3998.0,0.910157,297765.2925792077
3999.0,0.9113399999999999,298389.55255451275
4000.0,0.909466,298012.69143400626
4001.0,0.903595,296324.0594279951
4002.0,0.929783,305154.08838989196
4003.0,0.9599340000000001,315299.40760852373
4004.0,0.9519110000000001,312911.8484002904
4005.0,0.9146200000000001,300891.50867847726
4006.0,0.8920110000000001,293685.64353700407
4007.0,0.9063040000000001,298627.2031672747
4008.0,0.940198,310039.80155102076
4009.0,0.957997,316158.32924746856
4010.0,0.9627120000000001,317964.70176182373
4011.0,0.9597610000000001,317239.57882656634
4012.0,0.9439049999999999,312243.9191152311
4013.0,0.9415399999999999,311706.3213412456
4014.0,0.948515,314261.9967536235
4015.0,0.949098,314701.8124847012
4016.0,0.9411729999999999,312318.6118499475
4017.0,0.927974,308179.77280046523
4018.0,0.9290229999999999,308769.5050389908
4019.0,0.929367,309125.2590636867
4020.0,0.922508,307083.4382357395
4021.0,0.9336209999999999,311025.1945214681
4022.0,0.9530620000000001,317749.23637669906
4023.0,0.958931,319954.9409751815
4024.0,0.9406370000000001,314095.2146485212
4025.0,0.915975,306097.92148302833
4026.0,0.91885,307297.1812725859
4027.0,0.935039,312954.051596464
4028.0,0.9398559999999999,314810.17925525614
4029.0,0.935781,313688.0441933497
4030.0,0.9142020000000001,306691.61703677574
4031.0,0.8965639999999999,301007.09323636553
4032.0,0.8921879999999999,299769.33636060066
4033.0,0.8682979999999999,291967.64416863216
4034.0,0.847029,285035.5319577779
4035.0,0.868909,292623.7124593069
4036.0,0.9157780000000001,308645.2701795008
4037.0,0.944515,318575.3586171899
4038.0,0.95615,322747.54979196
4039.0,0.952045,321608.63927882665
4040.0,0.9336959999999999,315652.1387136218
4041.0,0.9312549999999999,315068.1959045779
4042.0,0.945243,320045.5788182733
4043.0,0.943673,319758.43409464066
4044.0,0.925285,313767.4015711413
4045.0,0.898975,305078.38439604064
4046.0,0.8898969999999999,302228.0674382027
4047.0,0.909273,309043.9734305034
4048.0,0.9189709999999999,312578.0135803976
4049.0,0.917657,312368.5802150867
4050.0,0.9275760000000001,315985.0324445551
4051.0,0.947248,322931.5349862291
4052.0,0.9507559999999999,324373.44400140963
4053.0,0.938485,320429.6648866439
4054.0,0.9352809999999999,319577.62195113784
4055.0,0.942108,322153.99079915666
4056.0,0.9483440000000001,324531.6116431124
4057.0,0.9480149999999999,324664.1256149783
4058.0,0.939328,321931.93327251135
4059.0,0.9381649999999999,321775.82967281656
4060.0,0.953958,327439.1140247807
4061.0,0.9669260000000001,332140.1353186307
4062.0,0.95316,327657.7573645506
4063.0,0.920579,316695.53729677043
4064.0,0.9088510000000001,312895.64022080245
4065.0,0.906799,312423.3654254802
4066.0,0.884016,304802.1033015943
4067.0,0.8900309999999999,307105.81306838884
4068.0,0.9349299999999999,322839.58340872463
4069.0,0.9672860000000001,334262.0508042102
4070.0,0.9656379999999999,333941.7493640294
4071.0,0.939623,325187.5558265619
4072.0,0.929284,321849.1437422525
4073.0,0.942211,326569.33253977995
4074.0,0.938298,325455.08398131863
4075.0,0.926572,321626.7734374661
4076.0,0.922156,320331.6728981722
4077.0,0.905302,314710.43313665775
4078.0,0.9035780000000001,314344.01542541187
4079.0,0.937757,326476.1515625839
4080.0,0.96705,336923.5662659628
4081.0,0.977397,340780.3039996242
4082.0,0.9710639999999999,338822.3698907474
4083.0,0.943274,329368.85986826906
4084.0,0.906717,316837.51255554205
4085.0,0.9041899999999999,316187.2941545363
4086.0,0.939575,328802.990402409
4087.0,0.9704860000000001,339870.04308863287
4088.0,0.985402,345347.3051115584
4089.0,0.989871,347168.2240216267
4090.0,0.988082,346794.9814944806
4091.0,0.983131,345310.1717793798
4092.0,0.9766790000000001,343295.1840992944
4093.0,0.973356,342377.4610843549
4094.0,0.967066,340413.58468777995
4095.0,0.954282,336158.83334561565
4096.0,0.9485239999999999,334374.27956391877
4097.0,0.95649,337428.2455285162
4098.0,0.9666969999999999,341277.4144760094
4099.0,0.9608190000000001,339449.0939484968
4100.0,0.915819,323786.19787736225
4101.0,0.8329219999999999,294691.9990799652
4102.0,0.801557,283800.70464443445
4103.0,0.8602200000000001,304791.8560023171
4104.0,0.920024,326217.6556734179
4105.0,0.944283,335061.61556810536
4106.0,0.9499719999999999,337323.9925175079
4107.0,0.951217,338010.0936372874
4108.0,0.954253,339333.6730714362
4109.0,0.9494299999999999,337862.080483217
4110.0,0.947707,337491.92583512585
4111.0,0.960774,342391.56549314613
4112.0,0.974141,347404.8485732875
4113.0,0.980611,349963.5159323715
4114.0,0.9824379999999999,350867.2563092265
4115.0,0.98415,351730.78732759465
4116.0,0.986242,352731.0577641879
4117.0,0.978691,350281.05021170515
4118.0,0.955802,342333.61503717914
4119.0,0.9386040000000001,336414.18257219606
4120.0,0.941826,337810.0592216429
4121.0,0.9471200000000001,339951.247056502
4122.0,0.951102,341623.84565809235
4123.0,0.9570780000000001,344015.1664820949
4124.0,0.962542,346225.3331619374
4125.0,0.9662729999999999,347814.4473179942
4126.0,0.9649690000000001,347591.7644839602
4127.0,0.95739,345106.44532311877
4128.0,0.951901,343371.11395560345
4129.0,0.955657,344970.1635481541
4130.0,0.9586469999999999,346294.382140579
4131.0,0.9447139999999999,341502.6230623694
4132.0,0.9221379999999999,333577.1548522856
4133.0,0.918465,332482.9705407662
4134.0,0.925085,335115.54410397314
4135.0,0.9400879999999999,340790.3645954257
4136.0,0.9591879999999999,347959.04086780606
4137.0,0.9641379999999999,350000.6932036426
4138.0,0.964701,350451.138498285
4139.0,0.968736,352163.9969385535
4140.0,0.970585,353083.6321971062
4141.0,0.9650700000000001,351323.37641875545
4142.0,0.9461510000000001,344677.2620137614
4143.0,0.9176139999999999,334515.2252424135
4144.0,0.909797,331897.3331070575
4145.0,0.932213,340312.22395947645
4146.0,0.951659,347653.50573133916
4147.0,0.956151,349537.94264127157
4148.0,0.9457840000000001,345988.86442355317
4149.0,0.927624,339581.62348668865
4150.0,0.928033,339967.4968803116
4151.0,0.948291,347629.88928777236
4152.0,0.954558,350170.0802623256
4153.0,0.9405709999999999,345278.2807579016
4154.0,0.923356,339193.51769697043
4155.0,0.928018,341141.999310726
4156.0,0.94,345785.5147979727
4157.0,0.941185,346460.57574785216
4158.0,0.9404870000000001,346442.5576447065
4159.0,0.946002,348714.36525052553
4160.0,0.9544459999999999,352069.35272894753
4161.0,0.9506110000000001,350896.0683879154
4162.0,0.9391940000000001,346920.1415888136
4163.0,0.9315129999999999,344319.32346766704
4164.0,0.933847,345418.98744616914
4165.0,0.950875,351958.64986617665
4166.0,0.957958,354823.3156900593
4167.0,0.944501,350078.39046387613
4168.0,0.940968,349007.4270944048
4169.0,0.9480120000000001,351860.33821250853
4170.0,0.950382,352980.8001040949
4171.0,0.9418479999999999,350049.80030579015
4172.0,0.911342,338942.68634354894
4173.0,0.8869290000000001,330087.6974853204
4174.0,0.890366,331592.2610370186
4175.0,0.9048959999999999,337232.60498533177
4176.0,0.917293,342084.79660373257
4177.0,0.9067129999999999,338368.61685086304
4178.0,0.896541,334799.3945320882
4179.0,0.9181940000000001,343117.57962434675
4180.0,0.930803,348064.7475810139
4181.0,0.9192790000000001,343987.83678460866
4182.0,0.9124129999999999,341649.2169567937
4183.0,0.9111100000000001,341391.52282139316
4184.0,0.914424,342864.26751870534
4185.0,0.9183129999999999,344554.3761647822
4186.0,0.896742,336687.2831951759
4187.0,0.87123,327328.57922862354
4188.0,0.87592,329311.71879102784
4189.0,0.895598,336935.8594327504
4190.0,0.917108,345259.5624008958
4191.0,0.918782,346121.49000765616
4192.0,0.908219,342371.2277089223
4193.0,0.916142,345588.9118549664
4194.0,0.914603,345238.8773030743
4195.0,0.8997629999999999,339863.8798592172
4196.0,0.910718,344231.2920947151
4197.0,0.915084,346112.0134404168
4198.0,0.885337,335083.7378034784
4199.0,0.873099,330671.6724853154
4200.0,0.886616,336014.1527660289
4201.0,0.884185,335315.3178779949
4202.0,0.887453,336777.9099665886
4203.0,0.90671,344313.75035309844
4204.0,0.9059659999999999,344259.0193082918
4205.0,0.8874209999999999,337435.1631915515
4206.0,0.879867,334783.9383287237
4207.0,0.893323,340128.3174144327
4208.0,0.9240149999999999,352046.25478671485
4209.0,0.9302590000000001,354658.8173452818
4210.0,0.9058069999999999,345563.9820385889
4211.0,0.883868,337416.1507050204
4212.0,0.8801370000000001,336212.71645516553
4213.0,0.8902129999999999,340285.09981349995
4214.0,0.8963639999999999,342861.1627338525
4215.0,0.8693559999999999,332748.5514267392
4216.0,0.8351459999999999,319863.9503421271
4217.0,0.837932,321141.02140909916
4218.0,0.8614569999999999,330372.94402871316
4219.0,0.8959379999999999,343821.0252934296
4220.0,0.9349959999999999,359043.91948241746
4221.0,0.9399540000000001,361183.1799699434
4222.0,0.9096770000000001,349776.77535753977
4223.0,0.874527,336480.2367694161
4224.0,0.863728,332541.35767036176
4225.0,0.867166,334081.9271600479
4226.0,0.8473860000000001,326673.4539281051
4227.0,0.837834,323200.5603918842
4228.0,0.878467,339094.61049574206
4229.0,0.901848,348345.20681407093
4230.0,0.878806,339664.61757792084
4231.0,0.8628979999999999,333731.58286950015
4232.0,0.869094,336344.9367418543
4233.0,0.8832190000000001,342031.8815226234
4234.0,0.90736,351607.0765153583
4235.0,0.8902100000000001,345183.4651260274
4236.0,0.8136260000000001,315690.57767088036
4237.0,0.781883,303569.1299261941
4238.0,0.8304950000000001,322649.9774917406
4239.0,0.8917430000000001,346667.2823920905
4240.0,0.92306,359071.8482150645
4241.0,0.9067129999999999,352938.7108855427
4242.0,0.8324239999999999,324228.9737371588
4243.0,0.787021,306740.4669572714
4244.0,0.841115,328032.9019456401
4245.0,0.908518,354545.9982789959
4246.0,0.9066489999999999,354042.18475698866
4247.0,0.846865,330907.44083294965
4248.0,0.780741,305264.01261471875
4249.0,0.750438,293602.30656273296
4250.0,0.784974,307309.29214589123
4251.0,0.8567899999999999,335637.3890410821
4252.0,0.894012,350440.7241735076
4253.0,0.861432,337883.70567329443
4254.0,0.802133,314823.6936714936
4255.0,0.775591,304598.89042961487
4256.0,0.8242719999999999,323921.95515268215
4257.0,0.8951,351977.9263908423
4258.0,0.890292,350308.05841840216
4259.0,0.852253,335551.92423543974
4260.0,0.8349489999999999,328945.8672520489
4261.0,0.812194,320182.2894821564
4262.0,0.817178,322349.4928248733
4263.0,0.851405,336061.73941031797
4264.0,0.8572770000000001,338591.73245094455
4265.0,0.870576,344059.79332897597
4266.0,0.8799950000000001,348000.00359727064
4267.0,0.8334379999999999,329794.8776072036
4268.0,0.8023239999999999,317681.34275257814
4269.0,0.812729,322002.13812772965
4270.0,0.8014600000000001,317735.4543676189
4271.0,0.785347,311541.56489704235
4272.0,0.789362,313329.2653820311
4273.0,0.76847,305226.1614043477
4274.0,0.716061,284586.7691027616
4275.0,0.718831,285865.06581339415
4276.0,0.789204,314045.7526526237
4277.0,0.8564639999999999,341021.58925630944
4278.0,0.864317,344361.5763685844
4279.0,0.789045,314566.18228724727
4280.0,0.70286,280380.284133283
4281.0,0.723366,288738.6196858726
4282.0,0.797219,318414.1230072726
4283.0,0.838699,335187.99962710124
4284.0,0.816866,326663.4681812404
4285.0,0.732579,293137.5025469752
4286.0,0.685091,274303.9794320496
4287.0,0.734201,294147.7312325735
4288.0,0.781586,313324.06078428257
4289.0,0.7556510000000001,303112.9130386994
4290.0,0.721213,289476.08058725036
4291.0,0.721296,289686.58260402334
4292.0,0.758556,304837.2132645146
4293.0,0.796697,320360.3460217355
4294.0,0.78957,317688.29053967015
4295.0,0.7598739999999999,305926.367512446
4296.0,0.7183510000000001,289385.35028603976
4297.0,0.654928,263996.1997181517
4298.0,0.613089,247281.52885208253
4299.0,0.56381,227543.6518560761
4300.0,0.522131,210850.66988689158
4301.0,0.5364680000000001,216771.73089405728
4302.0,0.549431,222144.242493766
4303.0,0.5311239999999999,214872.41656067283
4304.0,0.522926,211683.77811424076
4305.0,0.53709,217548.83968433045
4306.0,0.555163,225005.09007668975
4307.0,0.532105,215789.87062443164
4308.0,0.470447,190900.06055517498
4309.0,0.43374300000000005,176112.12277760505
4310.0,0.421965,171432.98035523636
4311.0,0.421604,171389.25996161025
4312.0,0.459344,186843.34211792317
4313.0,0.554825,225816.7029115919
4314.0,0.677573,275941.0779696324
4315.0,0.80206,326833.9106723533
4316.0,0.90976,370942.7112855014
4317.0,0.9578059999999999,390766.27276618354
4318.0,0.95993,391866.7030816664
4319.0,0.954997,390085.53762689454
4320.0,0.9378540000000001,383311.531522606
4321.0,0.905061,370128.96533180616
4322.0,0.83734,342637.8981578815
4323.0,0.7084630000000001,290074.0209724912
4324.0,0.640509,262406.6066112402
4325.0,0.690655,283118.54736266215
4326.0,0.7811359999999999,320399.04480442766
4327.0,0.859878,352905.6087185275
4328.0,0.8941040000000001,367169.57812332705
4329.0,0.8953180000000001,367885.49464901927
4330.0,0.894753,367870.50945425394
4331.0,0.90907,373977.4061331243
4332.0,0.9198049999999999,378616.73006050405
4333.0,0.9095559999999999,374618.5162880575
4334.0,0.8984110000000001,370246.0093219538
4335.0,0.9075350000000001,374226.0407274025
4336.0,0.908538,374859.72489573486
4337.0,0.863359,356428.10163233243
4338.0,0.808339,333909.40274459025
4339.0,0.766658,316877.3190097664
4340.0,0.728162,301142.2073609908
4341.0,0.744921,308253.30357823265
4342.0,0.8101649999999999,335447.5864798037
4343.0,0.8396110000000001,347842.5890351281
4344.0,0.854959,354407.6872877462
4345.0,0.89389,370761.7323874401
4346.0,0.9079790000000001,376824.71233034227
4347.0,0.889016,369169.3756379936
4348.0,0.884308,367427.73121041484
4349.0,0.910819,378662.6901610126
4350.0,0.903666,375906.8191299583
4351.0,0.840224,349718.7694505857
4352.0,0.786601,327589.309896735
4353.0,0.799783,333271.7746210855
4354.0,0.8267200000000001,344695.58343014284
4355.0,0.812824,339097.4104392122
4356.0,0.805312,336157.32316129416
4357.0,0.835562,348985.44115283864
4358.0,0.845859,353489.56472367526
4359.0,0.8184819999999999,342245.32288687135
4360.0,0.822382,344073.73571572657
4361.0,0.863759,361592.83981518744
4362.0,0.861342,360787.88267134276
4363.0,0.822576,344747.5648742285
4364.0,0.8361,350616.2364547235
4365.0,0.876782,367886.47823152173
4366.0,0.859402,360800.1696990805
4367.0,0.826175,347048.65714276885
4368.0,0.845053,355181.2133225092
4369.0,0.8600450000000001,361688.50540187856
4370.0,0.8331559999999999,350579.99016129994
4371.0,0.816659,343833.8192921695
4372.0,0.8241059999999999,347166.43484248436
4373.0,0.820132,345688.5539899388
4374.0,0.787173,331984.490594896
4375.0,0.76364,322242.1991021427
4376.0,0.784593,331271.5086891115
4377.0,0.821667,347121.240629969
4378.0,0.8470200000000001,358034.16630551626
4379.0,0.86018,363802.25443960266
4380.0,0.8578030000000001,363001.66746434674
4381.0,0.8559260000000001,362411.58130009857
4382.0,0.839958,355850.83145859896
4383.0,0.80757,342322.0961089108
4384.0,0.803458,340770.54797649756
4385.0,0.816433,346468.1505932999
4386.0,0.832608,353530.60589557944
4387.0,0.8457469999999999,359310.8664910138
4388.0,0.8602299999999999,365668.62132994516
4389.0,0.8597459999999999,365667.4268190665
4390.0,0.8465600000000001,360260.4895814229
4391.0,0.847195,360732.13410954527
4392.0,0.8573350000000001,365253.45698214445
4393.0,0.854765,364361.6197642939
4394.0,0.831872,354800.5544624401
4395.0,0.818392,349245.50632624445
4396.0,0.8385940000000001,358065.64062585967
4397.0,0.86955,371489.6193826588
4398.0,0.877914,375271.084146138
4399.0,0.862008,368676.2882020927
4400.0,0.8533040000000001,365155.8422295016
4401.0,0.8829309999999999,378043.3286934466
4402.0,0.916832,392775.77737385995
4403.0,0.9146709999999999,392066.5074586246
4404.0,0.889541,381505.21971033636
4405.0,0.8832709999999999,379025.0782280366
4406.0,0.904374,388294.53918450087
4407.0,0.918607,394622.6291361019
4408.0,0.918365,394735.6584334647
4409.0,0.917718,394674.3187636536
4410.0,0.927644,399162.12001484673
4411.0,0.944567,406666.9635806288
4412.0,0.956094,411855.2837399945
4413.0,0.951895,410270.9821626006
4414.0,0.925538,399129.1963491556
4415.0,0.891925,384844.1150976191
4416.0,0.886228,382594.77222777694
4417.0,0.8942540000000001,386270.2754022346
4418.0,0.907545,392224.9190429647
4419.0,0.940483,406681.44832233543
4420.0,0.963277,416764.5621984639
4421.0,0.957074,414305.85853669146
4422.0,0.947578,410417.87924085656
4423.0,0.956677,414583.64492000494
4424.0,0.9663649999999999,419008.9867208992
4425.0,0.9593790000000001,416205.1500106705
4426.0,0.9431639999999999,409391.9866077422
4427.0,0.9288860000000001,403412.3626705401
4428.0,0.9390629999999999,408052.4248092543
4429.0,0.957269,416187.91065780143
4430.0,0.958773,417066.47119509376
4431.0,0.963511,419353.1987803467
4432.0,0.974392,424317.1428926384
4433.0,0.9736959999999999,424241.9640951531
4434.0,0.955941,416729.72840807046
4435.0,0.936923,408658.2163702291
4436.0,0.9469190000000001,413239.5610320146
4437.0,0.9733620000000001,425006.8791794555
4438.0,0.985562,430564.1035680302
4439.0,0.982485,429449.281970405
4440.0,0.973124,425584.69867316727
4441.0,0.956879,418703.4122874726
4442.0,0.934551,409151.290139564
4443.0,0.9159889999999999,401238.32146185683
4444.0,0.9181459999999999,402397.1610237235
4445.0,0.9476129999999999,415532.4775207589
4446.0,0.969764,425471.6330728075
4447.0,0.967117,424535.43504269264
4448.0,0.9615049999999999,422295.68008517916
4449.0,0.9594459999999999,421614.53970296023
4450.0,0.950859,418062.20143631345
4451.0,0.9536709999999999,419520.20747054426
4452.0,0.9690030000000001,426489.8940115771
4453.0,0.971733,427917.1354747355
4454.0,0.956779,421554.0364109288
4455.0,0.946364,417184.83076813404
4456.0,0.957047,422116.2122087244
4457.0,0.970651,428341.4772265734
4458.0,0.971168,428794.7253892992
4459.0,0.963418,425596.12256763485
4460.0,0.9579340000000001,423395.3848549505
4461.0,0.946577,418594.86308797786
4462.0,0.943076,417264.8908261788
4463.0,0.956174,423281.2940933558
4464.0,0.9601790000000001,425276.25410612323
4465.0,0.96024,425525.2138353902
4466.0,0.9620139999999999,426533.61465535744
4467.0,0.9536450000000001,423043.24309128517
4468.0,0.9331709999999999,414176.26483398257
4469.0,0.926406,411387.4796526419
4470.0,0.9420299999999999,418542.8941925995
4471.0,0.957513,425642.7479714847
4472.0,0.9718610000000001,432244.84761130967
4473.0,0.980715,436408.6913484013
4474.0,0.9825860000000001,437467.54592738434
4475.0,0.978985,436089.6625958128
4476.0,0.9755299999999999,434775.09877191385
4477.0,0.980842,437368.15412169247
4478.0,0.988236,440892.42497620947
4479.0,0.9903120000000001,442046.202412164
4480.0,0.985756,440238.9863886772
4481.0,0.968781,432880.4024401261
4482.0,0.9495180000000001,424491.0601172277
4483.0,0.9577600000000001,428395.46913989057
4484.0,0.97869,437981.68037637824
4485.0,0.9876729999999999,442228.15671000077
4486.0,0.987482,442368.9184550081
4487.0,0.9838030000000001,440946.1567699411
4488.0,0.976784,438023.8441216947
4489.0,0.966359,433570.0764631392
4490.0,0.964291,432862.8387051209
4491.0,0.973627,437276.33848596946
4492.0,0.980556,440612.4292553747
4493.0,0.976558,439039.0532870191
4494.0,0.964342,433767.2475084345
4495.0,0.961116,432535.58247019467
4496.0,0.968521,436089.0973761639
4497.0,0.975735,439559.8538821984
4498.0,0.9819450000000001,442581.2845476248
4499.0,0.982065,442859.18472547975
4500.0,0.966442,436034.20093613124
4501.0,0.944809,426489.07849273045
4502.0,0.9529270000000001,430370.4599107927
4503.0,0.9789559999999999,442348.6642363868
4504.0,0.9913860000000001,448190.7113489094
4505.0,0.9923049999999999,448831.7476774087
4506.0,0.989042,447580.58492754225
4507.0,0.983625,445352.58397064125
4508.0,0.9789180000000001,443443.65247324074
4509.0,0.983087,445555.2746632457
4510.0,0.9898299999999999,448835.866226893
4511.0,0.989136,448745.4446671503
4512.0,0.98616,447618.81003758224
4513.0,0.984943,447289.54013009754
4514.0,0.9814120000000001,445908.24772444554
4515.0,0.9761290000000001,443728.83584589936
4516.0,0.977585,444611.87712279276
4517.0,0.978884,445424.04083661694
4518.0,0.9753930000000001,444056.00711607764
4519.0,0.976608,444829.8094453521
4520.0,0.978568,445943.5686084624
4521.0,0.974331,444232.6802745537
4522.0,0.960559,438170.28072471573
4523.0,0.9566020000000001,436581.0136174858
4524.0,0.967541,441791.57091945043
4525.0,0.9747389999999999,445297.93235915765
4526.0,0.977698,446869.94898165256
4527.0,0.9698260000000001,443490.30922073894
4528.0,0.9525239999999999,435792.67584778427
4529.0,0.947685,433791.9571145069
4530.0,0.9580209999999999,438738.5621033314
4531.0,0.9629709999999999,441221.917427261
4532.0,0.956032,438257.33125276474
4533.0,0.9281780000000001,425697.13160099316
4534.0,0.908422,416840.1954706065
4535.0,0.9262729999999999,425239.1565534091
4536.0,0.9560690000000001,439132.4967387595
4537.0,0.979987,450337.9577264031
4538.0,0.991159,455693.95677599777
4539.0,0.991735,456180.8855462561
4540.0,0.987708,454549.6421315023
4541.0,0.9825149999999999,452379.6351957565
4542.0,0.9829620000000001,452805.2940623566
4543.0,0.9848690000000001,453903.9349559722
4544.0,0.9789549999999999,451397.0586806753
4545.0,0.9749200000000001,449754.2695387331
4546.0,0.9810450000000001,452798.90286601475
4547.0,0.9842770000000001,454510.26869113237
4548.0,0.963894,445312.9949054198
4549.0,0.922481,426386.1156643023
4550.0,0.9166850000000001,423911.39017594914
4551.0,0.953209,441013.8570899428
4552.0,0.969467,448751.6687491366
4553.0,0.9543379999999999,441961.0653986912
4554.0,0.937183,434224.9263857297
4555.0,0.9442709999999999,437718.9592603856
4556.0,0.962305,446292.5228680427
4557.0,0.9791209999999999,454308.85437963426
4558.0,0.9866590000000001,458025.53435140767
4559.0,0.987585,458674.5789206008
4560.0,0.989052,459575.3158844677
4561.0,0.989238,459881.08578447206
4562.0,0.979891,455752.9833482085
4563.0,0.957779,445680.7351673396
4564.0,0.950247,442386.2950297702
4565.0,0.970662,452105.29855288874
4566.0,0.988776,460760.9908303204
4567.0,0.994258,463535.39893465507
4568.0,0.994133,463696.8364165542
4569.0,0.991339,462612.6159703105
4570.0,0.977065,456167.3329412154
4571.0,0.9475,442573.2849944093
4572.0,0.936736,437752.1081311211
4573.0,0.962907,450194.5623240886
4574.0,0.986844,461603.4856349468
4575.0,0.9908879999999999,463713.3772471646
4576.0,0.987975,462567.6956391518
4577.0,0.9883799999999999,462974.83961837087
4578.0,0.9908790000000001,464363.3869586119
4579.0,0.989416,463895.3164296671
4580.0,0.9850030000000001,462042.7213927637
4581.0,0.983698,461646.66026704555
4582.0,0.9801639999999999,460203.3708939818
4583.0,0.967026,454247.0818906638
4584.0,0.9625379999999999,452350.0422484325
4585.0,0.975843,458816.7533977829
4586.0,0.987217,464380.8649240817
4587.0,0.990693,466232.95620080066
4588.0,0.9870399999999999,464729.9058313895
4589.0,0.975822,459661.65438173595
4590.0,0.968609,456475.8263973789
4591.0,0.9748030000000001,459607.98288234056
4592.0,0.979039,461819.14333328145
4593.0,0.9812860000000001,463093.3930940863
4594.0,0.9879950000000001,466475.2245727271
4595.0,0.993049,469078.1225000409
4596.0,0.994909,470173.70181781455
4597.0,0.9951610000000001,470509.7290412185
4598.0,0.9950540000000001,470675.9487574722
4599.0,0.9944200000000001,470592.6230696256
4600.0,0.991174,469272.26257669006
4601.0,0.9858899999999999,466985.0482453856
4602.0,0.978043,463480.8613097552
4603.0,0.974316,461926.4646801408
4604.0,0.9829209999999999,466219.6666890354
4605.0,0.991498,470503.21562034334
4606.0,0.9936860000000001,471757.1752964006
4607.0,0.993685,471972.2661031257
4608.0,0.994286,472473.31456928555
4609.0,0.9949959999999999,473026.3372252047
4610.0,0.9941969999999999,472861.84843136976
4611.0,0.992289,472169.2030982316
4612.0,0.991941,472218.27168142336
4613.0,0.9924780000000001,472688.583999333
4614.0,0.9933700000000001,473328.1758138138
4615.0,0.992842,473291.128524026
4616.0,0.9901530000000001,472223.1244649633
4617.0,0.9899379999999999,472334.28598450386
4618.0,0.990516,472823.7882674693
4619.0,0.9899620000000001,472772.82857065805
4620.0,0.9907860000000001,473379.9079291782
4621.0,0.993027,474664.55899784405
4622.0,0.9951110000000001,475874.989613242
4623.0,0.9959709999999999,476500.6147162743
4624.0,0.995503,476490.8647292862
4625.0,0.993576,475782.15224151395
4626.0,0.9920889999999999,475283.29677469574
4627.0,0.990568,474767.39987892134
4628.0,0.982398,471062.52945948264
4629.0,0.971385,465990.2097458189
4630.0,0.975841,468337.1251095584
4631.0,0.988958,474844.3921505463
4632.0,0.993014,477004.6290085043
4633.0,0.99159,476532.94761685387
4634.0,0.9916870000000001,476791.8288532274
4635.0,0.991411,476871.2304494116
4636.0,0.9894799999999999,476153.99361592403
4637.0,0.989575,476411.20148557436
4638.0,0.99205,477814.6548260635
4639.0,0.9943870000000001,479152.56145617587
4640.0,0.995956,480121.12766264076
4641.0,0.997079,480875.15661946323
4642.0,0.997036,481066.9646103342
4643.0,0.996518,481029.35859884904
4644.0,0.995418,480710.362285869
4645.0,0.990806,478694.01574477565
4646.0,0.984716,475961.2090824781
4647.0,0.984814,476217.9821861388
4648.0,0.989192,478545.2417479121
4649.0,0.992806,480504.48826176964
4650.0,0.993508,481055.17504171986
4651.0,0.989721,479431.53126177227
4652.0,0.9860180000000001,477846.8808520315
4653.0,0.986032,478062.68343912624
4654.0,0.9841790000000001,477372.8018069284
4655.0,0.9817020000000001,476379.2261137561
4656.0,0.979664,475597.6154461531
4657.0,0.9791340000000001,475547.44286253914
4658.0,0.986324,479248.03346400126
4659.0,0.9944280000000001,483395.85481263924
4660.0,0.997326,485015.2318967773
4661.0,0.9968629999999999,485000.5068340307
4662.0,0.9949520000000001,484280.68045740476
4663.0,0.994015,484034.2263265065
4664.0,0.995116,484780.09846394893
4665.0,0.9953799999999999,485118.3962114293
4666.0,0.991348,483362.049161828
4667.0,0.984459,480210.27630789054
4668.0,0.982535,479478.4228710676
4669.0,0.9847600000000001,480771.2416326197
4670.0,0.984836,481015.2685547539
4671.0,0.987826,482683.091238627
4672.0,0.9927,485273.0376030602
4673.0,0.9940700000000001,486151.2835314736
4674.0,0.994267,486456.0907755143
4675.0,0.994659,486856.31714185484
4676.0,0.994966,487214.9746178535
4677.0,0.994616,487251.7929154519
4678.0,0.992959,486647.7954134747
4679.0,0.9912120000000001,485998.8666983423
4680.0,0.990273,485745.434816272
4681.0,0.9875360000000001,484609.17577226524
4682.0,0.9852200000000001,483678.34700812947
4683.0,0.9887940000000001,485639.2741114976
4684.0,0.993294,488056.57372221455
4685.0,0.994965,489085.0157593151
4686.0,0.9954799999999999,489545.5589966207
4687.0,0.995757,489889.1151974512
4688.0,0.996333,490379.83870967926
4689.0,0.9964430000000001,490641.235552473
4690.0,0.9950760000000001,490174.99567980977
4691.0,0.993317,489514.8953929536
4692.0,0.993642,489881.39848074625
4693.0,0.994986,490750.51999280025
4694.0,0.995308,491115.8012620904
4695.0,0.995343,491339.43027081416
4696.0,0.995065,491408.38845527114
4697.0,0.9939969999999999,491086.8181769441
4698.0,0.9928450000000001,490723.1761871714
4699.0,0.9932110000000001,491109.54595098586
4700.0,0.9946299999999999,492016.84633585694
4701.0,0.993297,491562.71197649563
4702.0,0.98629,488298.79461039725
4703.0,0.980457,485613.3463284079
4704.0,0.985014,488073.6163931109
4705.0,0.9913129999999999,491399.17394861305
4706.0,0.991399,491646.1187918651
4707.0,0.9872049999999999,489769.60456980317
4708.0,0.9828809999999999,487826.7295842832
4709.0,0.9829180000000001,488047.32685559354
4710.0,0.9878629999999999,490705.80197630316
4711.0,0.992562,493243.9512248453
4712.0,0.994143,494233.8191059714
4713.0,0.9918870000000001,493315.88833794947
4714.0,0.9874879999999999,491330.6564709988
4715.0,0.987144,491361.92941464466
4716.0,0.991606,493786.1744291482
4717.0,0.994965,495662.6528751216
4718.0,0.9955950000000001,496180.3268868399
4719.0,0.9952049999999999,496189.593791204
4720.0,0.995134,496357.7003723509
4721.0,0.994684,496336.54785996454
4722.0,0.993819,496107.9329972898
4723.0,0.994597,496699.36197721056
4724.0,0.9961559999999999,497681.18415383744
4725.0,0.9968110000000001,498211.70460564375
4726.0,0.996187,498102.8664625778
4727.0,0.994742,497582.9854348857
4728.0,0.9940110000000001,497419.69986559066
4729.0,0.9944620000000001,497847.73627675895
4730.0,0.994027,497832.11291668063
4731.0,0.9915889999999999,496812.64243241266
4732.0,0.9898790000000001,496156.96318115835
4733.0,0.988977,495905.63396918296
4734.0,0.989253,496244.7524241104
4735.0,0.9899379999999999,496789.12155650597
4736.0,0.9866790000000001,495353.6041350543
4737.0,0.985625,495024.1006518567
4738.0,0.991067,497957.94842627994
4739.0,0.995192,500231.89702221483
4740.0,0.995352,500513.59651337337
4741.0,0.994504,500288.1690023904
4742.0,0.994808,500642.0342311312
4743.0,0.996086,501486.27479183004
4744.0,0.99697,502132.4751447765
4745.0,0.997173,502435.7885771657
4746.0,0.997368,502735.03655472264
4747.0,0.9979120000000001,503210.2360593146
4748.0,0.9980829999999999,503497.37440513517
4749.0,0.997582,503445.3312115572
4750.0,0.997086,503395.4957598848
4751.0,0.99671,503405.95396118483
4752.0,0.9959889999999999,503241.82839992986
4753.0,0.9940709999999999,502472.2516697211
4754.0,0.9922989999999999,501775.6181192101
4755.0,0.993814,502740.9546863437
4756.0,0.9957809999999999,503935.52753250615
4757.0,0.996449,504473.12728846556
4758.0,0.9969809999999999,504941.9990873589
4759.0,0.9972629999999999,505284.30053419556
4760.0,0.9965129999999999,505103.5083641689
4761.0,0.993078,503560.8159044688
4762.0,0.9862639999999999,500302.5692889947
4763.0,0.9796819999999999,497159.22087585286
4764.0,0.9788180000000001,496915.9863500307
4765.0,0.985144,500323.87005428114
4766.0,0.99197,503988.1944506202
4767.0,0.9953870000000001,505922.4399263999
4768.0,0.996682,506778.96490142774
4769.0,0.99721,507245.74313499377
4770.0,0.9970629999999999,507369.13226556906
4771.0,0.9948739999999999,506452.84167487494
4772.0,0.991022,504688.66511571093
4773.0,0.989906,504316.7245461662
4774.0,0.992814,505995.08759247174
4775.0,0.994099,506846.9919733541
4776.0,0.9944069999999999,507200.96701811324
4777.0,0.9962540000000001,508340.2251886828
4778.0,0.9957280000000001,508268.8014185379
4779.0,0.9897219999999999,505398.70694902097
4780.0,0.9847610000000001,503059.9554876181
4781.0,0.98861,505221.41067521216
4782.0,0.991941,507119.4477499459
4783.0,0.9895579999999999,506096.33343408984
4784.0,0.989959,506496.55222739594
4785.0,0.993458,508482.46510984644
4786.0,0.993503,508701.09591891913
4787.0,0.992612,508440.18583813595
4788.0,0.992525,508590.7954199014
4789.0,0.991217,508115.3481701095
4790.0,0.992115,508770.538471783
4791.0,0.994851,510368.8779759452
4792.0,0.9954,510845.7916885945
4793.0,0.9951760000000001,510925.9435485141
4794.0,0.9955360000000001,511305.83214748086
4795.0,0.995907,511691.3964291808
4796.0,0.9956370000000001,511747.5211590745
4797.0,0.9930950000000001,510635.1932617442
4798.0,0.988533,508482.70451941463
4799.0,0.988397,508605.83184190805
4800.0,0.993193,511267.6435633349
4801.0,0.9963850000000001,513105.2035331092
4802.0,0.996712,513467.9526518356
4803.0,0.993447,511979.5504581717
4804.0,0.984085,507346.44169141154
4805.0,0.976283,503514.13503767655
4806.0,0.981389,506338.4381704182
4807.0,0.990481,511221.9253786968
4808.0,0.995007,513751.26990630303
4809.0,0.995836,514372.6676494641
4810.0,0.994575,513914.3297965824
4811.0,0.9937389999999999,513675.0723605867
4812.0,0.9943719999999999,514195.0007592085
4813.0,0.994609,514510.20629296923
4814.0,0.993195,513971.00558242976
4815.0,0.9926360000000001,513873.76141688327
4816.0,0.994495,515028.4155838128
4817.0,0.9958879999999999,515942.24859661754
4818.0,0.9958969999999999,516139.22191095277
4819.0,0.9954790000000001,516114.69864508853
4820.0,0.995309,516218.5214650142
4821.0,0.994683,516085.56751944806
4822.0,0.990524,514118.4967994599
4823.0,0.982769,510282.5576301025
4824.0,0.980243,509159.5732405038
4825.0,0.985951,512314.00276619423
4826.0,0.991439,515356.15188644925
4827.0,0.9936229999999999,516682.21718876343
4828.0,0.9937020000000001,516914.0024208278
4829.0,0.993423,516959.4028508526
4830.0,0.993691,517289.3316850016
4831.0,0.993042,517141.7030916888
4832.0,0.9920110000000001,516794.7020838396
4833.0,0.991769,516858.37384281424
4834.0,0.99197,517152.78792105295
4835.0,0.9921610000000001,517441.94511885446
4836.0,0.9929629999999999,518049.82844773954
4837.0,0.994216,518893.28168585437
4838.0,0.99377,518850.04165593255
4839.0,0.991041,517614.11706066923
4840.0,0.988793,516628.34870204167
4841.0,0.9887879999999999,516813.9641296386
4842.0,0.989716,517487.2918497635
4843.0,0.990347,518005.5068788878
4844.0,0.991974,519044.99476180924
4845.0,0.993008,519774.58528041147
4846.0,0.991901,519383.3699561168
4847.0,0.990453,518812.99521972006
4848.0,0.9886450000000001,518053.311483547
4849.0,0.988086,517947.540846279
4850.0,0.9902860000000001,519288.2100731487
4851.0,0.9908790000000001,519786.6070841333
4852.0,0.989778,519396.16552557575
4853.0,0.9890100000000001,519179.99704085285
4854.0,0.985476,517510.8879656628
4855.0,0.981165,515432.1476019642
4856.0,0.981923,516015.4997311337
4857.0,0.983331,516940.72695321956
4858.0,0.976081,513313.19341099984
4859.0,0.9445,496882.75511442363
4860.0,0.8654940000000001,455482.04612214793
4861.0,0.781697,411529.27133945085
4862.0,0.810682,426940.8851744636
4863.0,0.9108790000000001,479880.0339948399
4864.0,0.9662729999999999,509244.62834989215
4865.0,0.978922,516094.4248110844
4866.0,0.981959,517879.53102970746
4867.0,0.986116,520256.54772761674
4868.0,0.9898530000000001,522413.3388308929
4869.0,0.9903219999999999,522846.0496223391
4870.0,0.980459,517822.0480962201
4871.0,0.961448,507961.0871861209
4872.0,0.9575629999999999,506087.2426704286
4873.0,0.974301,515115.2620439877
4874.0,0.9872700000000001,522156.0235690075
4875.0,0.989671,523610.23369666
4876.0,0.9885520000000001,523202.218893749
4877.0,0.984743,521369.45497658703
4878.0,0.9800620000000001,519073.31507869647
4879.0,0.9842,521447.78976617113
4880.0,0.991764,525639.478114125
4881.0,0.992394,526157.5157560592
4882.0,0.9882059999999999,524120.3174003376
4883.0,0.982051,521037.83344630385
4884.0,0.9799889999999999,520125.2937022479
4885.0,0.9856229999999999,523297.91754426586
4886.0,0.990291,525959.4483215472
4887.0,0.9915010000000001,526785.3465713238
4888.0,0.9905510000000001,526463.5627814885
4889.0,0.984075,523203.29871588375
4890.0,0.966139,513845.4716040663
4891.0,0.9497180000000001,505286.95156310435
4892.0,0.961707,511842.7238151693
4893.0,0.985368,524617.0520092722
4894.0,0.995806,530357.5155795872
4895.0,0.9977959999999999,531600.8137074211
4896.0,0.998187,531992.5208713233
4897.0,0.9978870000000001,532015.8488462504
4898.0,0.995447,530897.62792729
4899.0,0.98821,527219.1470201035
4900.0,0.981841,524001.1377809264
4901.0,0.9854959999999999,526132.2444294887
4902.0,0.988821,528088.3298420901
4903.0,0.9856600000000001,526580.4212806808
4904.0,0.986582,527253.2908411352
4905.0,0.99231,530495.6974071446
4906.0,0.9956959999999999,532487.5978612778
4907.0,0.9958790000000001,532767.0979900053
4908.0,0.9949020000000001,532425.7647359095
4909.0,0.9927729999999999,531467.2468386459
4910.0,0.9893559999999999,529818.08509996
4911.0,0.988,529271.6368436835
4912.0,0.9904700000000001,530774.858604851
4913.0,0.992999,532310.484788521
4914.0,0.9945729999999999,533334.7941647185
4915.0,0.9966219999999999,534614.3557992686
4916.0,0.997484,535257.5854366304
4917.0,0.9936389999999999,533374.340403689
4918.0,0.980296,526389.4410945555
4919.0,0.961485,516462.45156204095
4920.0,0.950485,510725.6373597247
4921.0,0.9579989999999999,514936.2331163654
4922.0,0.9729180000000001,523131.0413233113
4923.0,0.9672709999999999,520269.21424600534
4924.0,0.9576120000000001,515246.56067327206
4925.0,0.9721700000000001,523254.7147697664
4926.0,0.990241,533159.4419732298
4927.0,0.996025,536452.8518464521
4928.0,0.9967879999999999,537043.0383070053
4929.0,0.9972,537444.2042497845
4930.0,0.996806,537410.8548325301
4931.0,0.9953700000000001,536815.2782665418
4932.0,0.987952,532991.8254895386
4933.0,0.963201,519811.4774897121
4934.0,0.9415899999999999,508317.27205126465
4935.0,0.958041,517369.7920055432
4936.0,0.982833,530933.9527691321
4937.0,0.988432,534135.2207413234
4938.0,0.981089,530342.3755671119
4939.0,0.972476,525860.0437556938
4940.0,0.975927,527900.1999223254
4941.0,0.987458,534313.5548590014
4942.0,0.9947309999999999,538426.1347988441
4943.0,0.99711,539891.2959287743
4944.0,0.9978530000000001,540471.0677468779
4945.0,0.9975629999999999,540491.2895021607
4946.0,0.996524,540105.3354529006
4947.0,0.9968100000000001,540437.2607638555
4948.0,0.998001,541259.9862613196
4949.0,0.9981190000000001,541500.8857437905
4950.0,0.9976149999999999,541404.1456339381
4951.0,0.9979049999999999,541738.1472672502
4952.0,0.998568,542274.687066921
4953.0,0.998818,542586.9846185689
4954.0,0.9986809999999999,542688.9493680351
4955.0,0.995064,540899.0765460194
4956.0,0.976554,531009.6082604732
4957.0,0.9458690000000001,514491.08599292464
4958.0,0.945832,514637.54669185716
4959.0,0.9760030000000001,531225.6978835114
4960.0,0.9943629999999999,541393.6947700189
4961.0,0.998218,543668.0422202875
4962.0,0.998558,544028.5990321459
4963.0,0.998785,544327.5680699326
4964.0,0.998186,544176.1870001216
4965.0,0.9957090000000001,543000.3233362866
4966.0,0.9937010000000001,542079.3154651218
4967.0,0.994893,542903.6913736435
4968.0,0.9966510000000001,544037.3212146031
4969.0,0.997251,544539.1279871312
4970.0,0.997152,544659.2169120457
4971.0,0.997184,544850.7249409194
4972.0,0.997577,545239.4302893649
4973.0,0.997858,545566.9145739037
4974.0,0.9982700000000001,545966.0187710621
4975.0,0.9985620000000001,546299.4925095288
4976.0,0.9985379999999999,546460.0100290836
4977.0,0.998338,546524.0472012429
4978.0,0.9974860000000001,546230.8511362893
4979.0,0.995691,545420.6781710888
4980.0,0.990384,542685.3429922557
4981.0,0.9785790000000001,536386.3110624541
4982.0,0.9710989999999999,532454.4695755204
4983.0,0.9766549999999999,535669.8245935731
4984.0,0.9838540000000001,539788.40739661
4985.0,0.987426,541918.7880272036
4986.0,0.99113,544122.7471334896
4987.0,0.995402,546639.7875646953
4988.0,0.9970559999999999,547720.0131993012
4989.0,0.9950129999999999,546769.1484500617
4990.0,0.987318,542710.6554228127
4991.0,0.980297,539019.9926029104
4992.0,0.98355,540977.7569767316
4993.0,0.9843559999999999,541590.1841148498
4994.0,0.9803139999999999,539534.5762450205
4995.0,0.9858530000000001,542752.1896869332
4996.0,0.9938879999999999,547346.1577918747
4997.0,0.9956659999999999,548495.878684699
4998.0,0.9919040000000001,546593.2423985045
4999.0,0.984182,542506.3419166168
5000.0,0.9825290000000001,541763.1040741475
5001.0,0.9868889999999999,544335.7537163579
5002.0,0.9897790000000001,546098.7145892107
5003.0,0.9928540000000001,547964.6416167341
5004.0,0.991833,547570.1780588826
5005.0,0.9802770000000001,541357.2967650766
5006.0,0.9672790000000001,534343.7700216679
5007.0,0.9698389999999999,535922.8886829629
5008.0,0.9839319999999999,543877.7319932706
5009.0,0.9934370000000001,549300.4011986417
5010.0,0.992014,548681.908154354
5011.0,0.9789389999999999,541616.1241697394
5012.0,0.964255,533655.3043840429
5013.0,0.963003,533125.4430755372
5014.0,0.9673780000000001,535711.1380252994
5015.0,0.976771,541077.8907442207
5016.0,0.9850709999999999,545842.0494569391
5017.0,0.976665,541349.033007731
5018.0,0.9571700000000001,530704.7405890666
5019.0,0.9591719999999999,531976.4306783996
5020.0,0.979611,543477.3190031312
5021.0,0.990367,549611.3171633052
5022.0,0.990447,549822.2923558417
5023.0,0.9903129999999999,549914.3381369933
5024.0,0.992676,551393.2025061928
5025.0,0.994242,552429.8999433524
5026.0,0.995389,553234.1198380353
5027.0,0.9957020000000001,553574.9257120263
5028.0,0.995648,553711.6117895371
5029.0,0.995022,553529.952389187
5030.0,0.9905229999999999,551192.7650456025
5031.0,0.9867799999999999,549274.7651637341
5032.0,0.9910770000000001,551832.0671199354
5033.0,0.99611,554800.6073234938
5034.0,0.995792,554789.4781618026
5035.0,0.991958,552818.6502444771
5036.0,0.989726,551739.4836743893
5037.0,0.9914430000000001,552861.5443224341
5038.0,0.99187,553264.4907860509
5039.0,0.9864040000000001,550379.3647156288
5040.0,0.972517,542792.2761310667
5041.0,0.95783,534753.8211995163
5042.0,0.962959,537776.8786718146
5043.0,0.982873,549060.8366356996
5044.0,0.9941909999999999,555547.870884625
5045.0,0.9969370000000001,557247.1258583907
5046.0,0.9978389999999999,557916.138322137
5047.0,0.99739,557829.7238110985
5048.0,0.993094,555590.8152784226
5049.0,0.983145,550186.8384603189
5050.0,0.9734659999999999,544930.6021026914
5051.0,0.968253,542171.7870074138
5052.0,0.9721040000000001,544487.9990854587
5053.0,0.986311,552607.586437611
5054.0,0.995906,558146.9615737526
5055.0,0.997925,559442.2145663603
5056.0,0.997649,559451.0390822379
5057.0,0.997741,559666.071670501
5058.0,0.9977530000000001,559836.1217185017
5059.0,0.9967090000000001,559413.3597080909
5060.0,0.9959389999999999,559143.9616492628
5061.0,0.9967879999999999,559783.3969682581
5062.0,0.997144,560146.0416891236
5063.0,0.994245,558679.6493345719
5064.0,0.987844,555243.795827077
5065.0,0.9857100000000001,554204.8081584448
5066.0,0.990901,557284.5962320026
5067.0,0.993605,558966.8506928849
5068.0,0.990973,557647.14876495
5069.0,0.9895280000000001,556994.6173894709
5070.0,0.992809,559002.4739009853
5071.0,0.9953559999999999,560597.8711387567
5072.0,0.994917,560511.7299562636
5073.0,0.9944729999999999,560422.504231964
5074.0,0.994677,560698.2870483204
5075.0,0.99466,560849.3979293207
5076.0,0.994868,561127.2835014543
5077.0,0.994568,561118.5063939255
5078.0,0.989756,558563.1861844999
5079.0,0.9788690000000001,552576.8210227211
5080.0,0.9746670000000001,550361.6219344026
5081.0,0.9815940000000001,554430.9096401642
5082.0,0.9832569999999999,555528.2053434316
5083.0,0.9768899999999999,552087.7706416646
5084.0,0.980125,554073.2645482164
5085.0,0.9901989999999999,559926.9160466357
5086.0,0.99236,561307.8474817552
5087.0,0.9891479999999999,559649.3604381948
5088.0,0.989877,560220.1273964528
5089.0,0.993542,562453.0992956201
5090.0,0.9952799999999999,563595.9175483215
5091.0,0.9955809999999999,563925.208258452
5092.0,0.99555,564066.3628732315
5093.0,0.995957,564455.6177817339
5094.0,0.996381,564854.5146513574
5095.0,0.9959479999999999,564767.4464519277
5096.0,0.994942,564355.0960785454
5097.0,0.992467,563108.8156287307
5098.0,0.9883549999999999,560932.5592301504
5099.0,0.987245,560459.1100777092
5100.0,0.9907889999999999,562627.9987458651
5101.0,0.9940690000000001,564647.9289290005
5102.0,0.995291,565499.4680581039
5103.0,0.9950959999999999,565545.9406224629
5104.0,0.994399,565306.8440832564
5105.0,0.991807,563989.813162481
5106.0,0.9831690000000001,559232.836354103
5107.0,0.9690479999999999,551353.3838915816
5108.0,0.9666110000000001,550118.9762849646
5109.0,0.9712639999999999,552919.8659498534
5110.0,0.964935,549468.5525056525
5111.0,0.968994,551932.0598016189
5112.0,0.9855200000000001,561499.7899472485
5113.0,0.9939379999999999,566451.778022642
5114.0,0.9949020000000001,567157.0285494087
5115.0,0.994761,567232.3631005149
5116.0,0.9949110000000001,567473.507923009
5117.0,0.995201,567794.4491010131
5118.0,0.995244,567974.3956734033
5119.0,0.994798,567875.0875082193
5120.0,0.994532,567878.2952233148
5121.0,0.993606,567504.3318059518
5122.0,0.9888379999999999,564934.9745053692
5123.0,0.97936,559672.3972766314
5124.0,0.9764719999999999,558173.74472045
5125.0,0.982959,562034.4924029829
5126.0,0.984513,563075.7831488941
5127.0,0.978526,559803.3139101691
5128.0,0.9737819999999999,557240.1644212871
5129.0,0.9738450000000001,557426.9405950333
5130.0,0.98093,561634.07852064
5131.0,0.988506,566124.482730407
5132.0,0.990434,567381.5807645534
5133.0,0.989142,566794.0382833659
5134.0,0.9893860000000001,567086.3619890022
5135.0,0.992295,568906.5448838896
5136.0,0.9920479999999999,568917.6023930482
5137.0,0.9878370000000001,566654.5831684611
5138.0,0.97916,561827.6199818109
5139.0,0.967201,555114.2011913356
5140.0,0.96967,556679.9928324469
5141.0,0.979474,562458.5101207226
5142.0,0.9769620000000001,561165.6148223446
5143.0,0.9746530000000001,559988.4615146073
5144.0,0.983281,565096.0224293619
5145.0,0.990347,569308.1696580221
5146.0,0.991358,570040.6652136528
5147.0,0.9909479999999999,569956.0387193516
5148.0,0.990958,570112.7947158442
5149.0,0.9892799999999999,569298.0406625846
5150.0,0.980485,564385.9696478174
5151.0,0.9711620000000001,559167.0931737727
5152.0,0.972966,560353.5572627933
5153.0,0.977095,562879.8205821955
5154.0,0.97749,563255.5840400206
5155.0,0.9833270000000001,566767.9929587276
5156.0,0.9906780000000001,571154.9113805754
5157.0,0.9935870000000001,572982.3146170264
5158.0,0.99384,573278.4074178502
5159.0,0.993582,573279.6134001364
5160.0,0.993081,573140.372974691
5161.0,0.9909209999999999,572043.1417667009
5162.0,0.9875229999999999,570230.2704322471
5163.0,0.9845440000000001,568658.2598919724
5164.0,0.978886,565537.4749686387
5165.0,0.964468,557352.5843353042
5166.0,0.9298489999999999,537486.3335056612
5167.0,0.8835559999999999,510859.8312410472
5168.0,0.8723,504482.495070288
5169.0,0.90161,521568.52933913947
5170.0,0.940386,544140.5863735955
5171.0,0.943224,545923.7532965491
5172.0,0.916665,530688.7208571242
5173.0,0.920884,533268.672651036
5174.0,0.960117,556131.0156470096
5175.0,0.9890559999999999,573040.7793789477
5176.0,0.99759,578133.720251024
5177.0,0.9989,579041.4732044216
5178.0,0.999307,579425.9054871008
5179.0,0.999423,579641.5598107673
5180.0,0.9991059999999999,579605.9288217208
5181.0,0.995785,577826.9385895219
5182.0,0.977382,567292.9310183635
5183.0,0.941314,546497.6026369384
5184.0,0.933372,542024.7242773547
5185.0,0.961111,558275.205138086
5186.0,0.979202,568928.1528213951
5187.0,0.981649,570494.6559496616
5188.0,0.9706739999999999,564259.4562459777
5189.0,0.966568,562014.9095663436
5190.0,0.976325,567831.7698872915
5191.0,0.9722360000000001,565596.4916621016
5192.0,0.960767,559065.5046300829
5193.0,0.963899,561029.4208018829
5194.0,0.9701129999999999,564788.4386410136
5195.0,0.970829,565347.4788960716
5196.0,0.978648,570043.9699117792
5197.0,0.9842879999999999,573473.0803086293
5198.0,0.9849680000000001,574013.1593058371
5199.0,0.987786,575799.5945542001
5200.0,0.9896379999999999,577023.4867891548
5201.0,0.988957,576770.5211687383
5202.0,0.985607,574960.2542113157
5203.0,0.9768290000000001,569981.6395676718
5204.0,0.956615,558325.7589373423
5205.0,0.9396979999999999,548588.648825475
5206.0,0.943951,551208.4683453246
5207.0,0.956885,558899.8231656235
5208.0,0.955672,558329.7410447733
5209.0,0.959324,560602.157625353
5210.0,0.974043,569344.3557819447
5211.0,0.9847379999999999,575738.0093413994
5212.0,0.992667,580517.0556750918
5213.0,0.996767,583058.4927088533
5214.0,0.994483,581865.7480336801
5215.0,0.9844649999999999,576145.9923480464
5216.0,0.9746879999999999,570564.3068502806
5217.0,0.9786530000000001,573025.9746834338
5218.0,0.9901709999999999,579912.2145293248
5219.0,0.996591,583815.1651152717
5220.0,0.998185,584892.0100582676
5221.0,0.998632,585296.9309370442
5222.0,0.998816,585547.6725908817
5223.0,0.9982559999999999,585362.0710205929
5224.0,0.994079,583054.713761251
5225.0,0.976187,572699.8566498634
5226.0,0.937556,550169.8622819461
5227.0,0.916481,537933.3261667571
5228.0,0.9473159999999999,556166.9077106271
5229.0,0.981751,576523.2058753169
5230.0,0.992088,582734.44202791
5231.0,0.9913649999999999,582450.476553442
5232.0,0.979801,575795.2990104968
5233.0,0.968377,569219.0129481556
5234.0,0.9728040000000001,571958.9458072962
5235.0,0.983833,578582.5809395323
5236.0,0.992875,584040.3947056623
5237.0,0.996711,586437.5695515298
5238.0,0.9969979999999999,586747.0663822609
5239.0,0.9954799999999999,585993.9970840707
5240.0,0.99472,585686.6820146024
5241.0,0.9964930000000001,586870.8034193247
5242.0,0.9975950000000001,587660.0277355477
5243.0,0.997967,588019.307803953
5244.0,0.9986,588532.3892237943
5245.0,0.9981399999999999,588401.2017790987
5246.0,0.995498,586983.17053075
5247.0,0.9926969999999999,585470.499878234
5248.0,0.993302,585966.1798373967
5249.0,0.993358,586137.9627545363
5250.0,0.990325,584486.5190241624
5251.0,0.9909879999999999,585015.9870002463
5252.0,0.9951040000000001,587584.4268536649
5253.0,0.996289,588422.796636666
5254.0,0.993549,586942.6630700335
5255.0,0.991244,585718.6813698766
5256.0,0.993927,587441.9993626185
5257.0,0.997632,589770.112759115
5258.0,0.998875,590643.3263533459
5259.0,0.998659,590653.8376997762
5260.0,0.99715,589899.2441787386
5261.0,0.992072,587032.2473954761
5262.0,0.9851559999999999,583075.8821104652
5263.0,0.9817309999999999,581184.1545231827
5264.0,0.980143,580379.1154407327
5265.0,0.9766440000000001,578441.6787033696
5266.0,0.971925,575780.4133563542
5267.0,0.9737959999999999,577022.6317758873
5268.0,0.965144,572028.3956810131
5269.0,0.92481,548249.8056635095
5270.0,0.903543,535766.0330242207
5271.0,0.9397530000000001,557365.827006628
5272.0,0.9785299999999999,580498.2481468779
5273.0,0.9885649999999999,586586.4617579514
5274.0,0.988701,586802.1552584458
5275.0,0.9849709999999999,584722.7318195179
5276.0,0.981504,582798.3320950245
5277.0,0.98836,587003.8706051997
5278.0,0.9964860000000001,591965.5988410655
5279.0,0.9986290000000001,593374.3791482567
5280.0,0.99672,592375.4124515062
5281.0,0.991574,589451.5341431677
5282.0,0.98631,586455.9736736226
5283.0,0.982923,584575.1742002447
5284.0,0.9841719999999999,585451.1366858169
5285.0,0.992087,590293.5959507766
5286.0,0.99797,593928.751363803
5287.0,0.999333,594874.7413514327
5288.0,0.9991909999999999,594924.8868648963
5289.0,0.9989899999999999,594939.732038943
5290.0,0.998978,595066.9807141826
5291.0,0.9989979999999999,595213.1669894564
5292.0,0.9986889999999999,595163.1678244481
5293.0,0.99829,595059.3135969634
5294.0,0.998482,595307.5890532578
5295.0,0.997959,595129.4031810857
5296.0,0.9950629999999999,593535.5045745678
5297.0,0.9912610000000001,591400.1746570207
5298.0,0.989869,590701.8663505743
5299.0,0.9928959999999999,592640.6793907566
5300.0,0.996078,594672.7126576272
5301.0,0.994916,594111.4609797056
5302.0,0.992303,592683.1216834104
5303.0,0.993742,593674.6820377884
5304.0,0.997433,596012.1741802575
5305.0,0.9987739999999999,596945.9762857137
5306.0,0.997236,596158.9104851411
5307.0,0.994708,594779.3482879305
5308.0,0.995189,595198.603120658
5309.0,0.9978520000000001,596923.1508095516
5310.0,0.999158,597836.329729391
5311.0,0.9992620000000001,598030.3650732999
5312.0,0.9991459999999999,598092.6101133064
5313.0,0.9988739999999999,598061.2970007971
5314.0,0.9979379999999999,597632.1397979343
5315.0,0.9924799999999999,594493.9409977146
5316.0,0.980775,587611.4212974058
5317.0,0.9782139999999999,586205.3484362783
5318.0,0.989034,592818.9446265202
5319.0,0.9962489999999999,597273.9718223645
5320.0,0.9975290000000001,598171.8187859692
5321.0,0.997616,598354.3332617118
5322.0,0.9957790000000001,597382.509929838
5323.0,0.988208,592969.4240190872
5324.0,0.9796450000000001,587958.8670543674
5325.0,0.9826540000000001,589892.6940315139
5326.0,0.982965,590207.2059650201
5327.0,0.9535399999999999,572663.2593627083
5328.0,0.9183,551618.5091562789
5329.0,0.936054,562404.6204015501
5330.0,0.97744,587396.9734673952
5331.0,0.994376,597703.4194300863
5332.0,0.9938540000000001,597518.1425600979
5333.0,0.991764,596389.7020358319
5334.0,0.9939950000000001,597859.5561167044
5335.0,0.993474,597674.2577210736
5336.0,0.985405,592946.8500847109
5337.0,0.981404,590665.5996166563
5338.0,0.9878680000000001,594682.9842408015
5339.0,0.988022,594902.5629578448
5340.0,0.976568,588131.2216025348
5341.0,0.9712620000000001,585060.199003787
5342.0,0.982979,592244.0395359809
5343.0,0.995044,599640.470830037
5344.0,0.997084,600997.2455760911
5345.0,0.992973,598646.0867688204
5346.0,0.9904709999999999,597263.9984149835
5347.0,0.992326,598509.0189347119
5348.0,0.992552,598771.6700766332
5349.0,0.99282,599059.5976564689
5350.0,0.9955950000000001,600860.4919304942
5351.0,0.9981190000000001,602510.4519359728
5352.0,0.9984790000000001,602854.3639986906
5353.0,0.997607,602454.239076974
5354.0,0.9978,602697.0568713618
5355.0,0.998948,603516.7648759974
5356.0,0.9994430000000001,603942.0448359173
5357.0,0.9994139999999999,604050.6173898919
5358.0,0.9994620000000001,604205.6072625519
5359.0,0.999491,604348.9965193431
5360.0,0.999138,604261.2419173428
5361.0,0.9977090000000001,603522.3931233422
5362.0,0.994775,601872.485518091
5363.0,0.992975,600907.9685176297
5364.0,0.993634,601431.271484265
5365.0,0.9941409999999999,601862.5938339381
5366.0,0.9946309999999999,602283.6255040829
5367.0,0.9942780000000001,602194.0850641219
5368.0,0.993922,602102.5156769874
5369.0,0.9902920000000001,600026.9875275698
5370.0,0.9736879999999999,590087.7503979111
5371.0,0.9494819999999999,575536.2440606438
5372.0,0.952707,577609.5327771258
5373.0,0.9804790000000001,594568.9682813701
5374.0,0.9961409999999999,604190.0896910431
5375.0,0.9992559999999999,606203.2760422012
5376.0,0.9994879999999999,606467.7679686856
5377.0,0.9993139999999999,606485.7911226387
5378.0,0.9989459999999999,606385.8843813244
5379.0,0.9971209999999999,605401.1466355262
5380.0,0.991986,602405.7631877516
5381.0,0.9876739999999999,599908.8776056957
5382.0,0.9885700000000001,600574.7651872606
5383.0,0.989434,601221.3061932919
5384.0,0.9921,602963.1285520801
5385.0,0.9968049999999999,605944.9645139113
5386.0,0.9988819999999999,607329.9814419639
5387.0,0.9991389999999999,607608.5830281402
5388.0,0.998958,607620.7083587155
5389.0,0.9985459999999999,607492.1307637949
5390.0,0.998344,607491.1136950328
5391.0,0.997704,607223.347914434
5392.0,0.994751,605547.2811110457
5393.0,0.9912190000000001,603517.839679151
5394.0,0.9915719999999999,603853.3264204032
5395.0,0.989237,602551.4958642262
5396.0,0.971457,591839.4395268464
5397.0,0.953451,580985.2375482676
5398.0,0.9665590000000001,589089.634084887
5399.0,0.9889879999999999,602879.0902394183
5400.0,0.996798,607760.4568339437
5401.0,0.9977219999999999,608444.273539644
5402.0,0.9969629999999999,608101.6372738957
5403.0,0.991957,605167.7083453336
5404.0,0.9789450000000001,597347.2311482215
5405.0,0.9581940000000001,584800.2741713057
5406.0,0.952917,581694.0863644769
5407.0,0.9748389999999999,595193.0044940833
5408.0,0.990251,604721.565365733
5409.0,0.9874,603098.751685965
5410.0,0.9833430000000001,600738.3711130759
5411.0,0.9886159999999999,604077.8451247622
5412.0,0.995416,608351.6875831466
5413.0,0.997344,609648.9103704571
5414.0,0.994776,608197.6532667001
5415.0,0.991821,606509.0075079275
5416.0,0.993605,607718.048459987
5417.0,0.9957969999999999,609176.9841175593
5418.0,0.993281,607755.6485782748
5419.0,0.991683,606895.3965806235
5420.0,0.99492,608994.1650789202
5421.0,0.997791,610869.5037932623
5422.0,0.9978100000000001,610999.0045324094
5423.0,0.9947379999999999,609235.2791436975
5424.0,0.991375,607292.447090395
5425.0,0.992892,608338.6457045452
5426.0,0.996625,610743.0691014319
5427.0,0.996935,611050.1923500885
5428.0,0.986274,604631.53584862
5429.0,0.9618190000000001,589752.2794426788
5430.0,0.954658,585473.2472972452
5431.0,0.9767600000000001,599142.2760054091
5432.0,0.9911030000000001,608056.0954253654
5433.0,0.9832049999999999,603325.3706654966
5434.0,0.963777,591516.1675278528
5435.0,0.9633149999999999,591344.8696613257
5436.0,0.983225,603681.3646356465
5437.0,0.995633,611415.4146755931
5438.0,0.998708,613419.7735483014
5439.0,0.999275,613883.9857567556
5440.0,0.999325,614030.5386197491
5441.0,0.999233,614089.7127628137
5442.0,0.9991540000000001,614156.7338109607
5443.0,0.9989110000000001,614122.7880900806
5444.0,0.997109,613130.022592478
5445.0,0.988484,607940.4169774948
5446.0,0.966836,594737.7574930434
5447.0,0.953984,586941.7630184898
5448.0,0.972512,598452.9496147322
5449.0,0.992806,611055.2167319624
5450.0,0.998765,614837.4267960567
5451.0,0.999294,615277.5630998276
5452.0,0.999028,615228.115943507
5453.0,0.9968739999999999,614015.588964363
5454.0,0.9849040000000001,606755.2496833678
5455.0,0.9618690000000001,592674.1441460293
5456.0,0.9586610000000001,590806.7162123116
5457.0,0.9810260000000001,604701.5628024512
5458.0,0.99593,614001.5913294038
5459.0,0.999022,616021.3185283518
5460.0,0.999116,616192.6455594815
5461.0,0.998605,615990.6767944762
5462.0,0.997064,615152.9968559563
5463.0,0.9956309999999999,614381.4906798133
5464.0,0.996553,615063.0224628503
5465.0,0.99813,616148.974400743
5466.0,0.9985649999999999,616530.0710312857
5467.0,0.9986719999999999,616708.5943402866
5468.0,0.998893,616957.430897413
5469.0,0.9990030000000001,617137.6245732306
5470.0,0.999065,617288.0634772582
5471.0,0.999028,617377.2145755306
5472.0,0.998555,617196.7483134415
5473.0,0.9978299999999999,616860.267518263
5474.0,0.9971479999999999,616550.0903889432
5475.0,0.993102,614159.2571165938
5476.0,0.981086,606837.662722196
5477.0,0.974241,602712.2994733658
5478.0,0.9846209999999999,609243.4227539552
5479.0,0.995502,616086.7888404476
5480.0,0.9983299999999999,617947.7931485446
5481.0,0.998099,617915.4998579598
5482.0,0.997943,617929.474078204
5483.0,0.998131,618156.3362379727
5484.0,0.998505,618498.3314427758
5485.0,0.998778,618777.7147770608
5486.0,0.998424,618668.5193982294
5487.0,0.997341,618107.3229622426
5488.0,0.996815,617891.0317221553
5489.0,0.9967020000000001,617930.5533560903
5490.0,0.9950389999999999,617008.7972007525
5491.0,0.9944290000000001,616739.6201523351
5492.0,0.996181,617935.3472709939
5493.0,0.997394,618796.9340795662
5494.0,0.998072,619326.6852845303
5495.0,0.997492,619075.7080839875
5496.0,0.990949,615123.002624744
5497.0,0.9792420000000001,607962.6793883964
5498.0,0.979059,607955.6205848692
5499.0,0.98966,614645.9987804645
5500.0,0.9908290000000001,615479.6244972199
5501.0,0.9827100000000001,610542.8896050807
5502.0,0.983226,610970.0059526741
5503.0,0.9926219999999999,616916.0480700947
5504.0,0.99715,619838.007099056
5505.0,0.9931190000000001,617439.5430102338
5506.0,0.9812489999999999,610165.5988284904
5507.0,0.976498,607316.5189034013
5508.0,0.986922,613905.7669164286
5509.0,0.9954559999999999,619321.2776130585
5510.0,0.9972110000000001,620520.2302551627
5511.0,0.997344,620709.9662038446
5512.0,0.996956,620575.3030885555
5513.0,0.996692,620517.6358601433
5514.0,0.9970709999999999,620860.17745792
5515.0,0.9977659999999999,621399.4813870392
5516.0,0.9985809999999999,622013.5607462929
5517.0,0.998957,622354.1944342338
5518.0,0.9989629999999999,622464.2366521758
5519.0,0.99889,622524.9253633096
5520.0,0.998712,622520.0290349409
5521.0,0.9983549999999999,622403.3805740107
5522.0,0.99831,622481.0787995987
5523.0,0.998516,622715.1808266878
5524.0,0.998187,622615.5016495084
5525.0,0.995809,621237.3599696665
5526.0,0.9893770000000001,617329.0732070273
5527.0,0.982173,612937.5350289397
5528.0,0.979706,611501.0451363004
5529.0,0.9852350000000001,615055.6052516279
5530.0,0.9940049999999999,620634.8170255858
5531.0,0.998029,623251.9537108605
5532.0,0.998566,623691.8767846739
5533.0,0.99803,623461.4973703395
5534.0,0.996612,622679.8151195033
5535.0,0.995749,622244.5368281926
5536.0,0.996907,623072.0942785635
5537.0,0.9982120000000001,623991.6641751969
5538.0,0.998531,624294.9252530052
5539.0,0.998439,624341.1271985373
5540.0,0.9984649999999999,624460.9896993119
5541.0,0.9987450000000001,624739.6208594904
5542.0,0.9988290000000001,624895.5669028176
5543.0,0.998431,624749.8077237095
5544.0,0.998092,624640.7706343302
5545.0,0.99823,624830.1161614326
5546.0,0.998452,625071.9577697348
5547.0,0.9985709999999999,625249.2324481574
5548.0,0.998668,625412.6343697465
5549.0,0.9988290000000001,625616.0227984216
5550.0,0.998951,625794.8928599182
5551.0,0.9987940000000001,625798.8594631044
5552.0,0.9986010000000001,625780.1145526308
5553.0,0.9986229999999999,625895.9636876306
5554.0,0.9984430000000001,625885.0717340051
5555.0,0.998195,625831.3899726144
5556.0,0.998455,626096.0871047943
5557.0,0.998793,626409.6366271948
5558.0,0.9987959999999999,626513.0004715638
5559.0,0.9987219999999999,626567.9379402201
5560.0,0.998684,626645.3298782445
5561.0,0.998273,626488.5101941165
5562.0,0.9974709999999999,626086.0676484935
5563.0,0.997231,626036.1529982646
5564.0,0.9976370000000001,626391.678185438
5565.0,0.9976870000000001,626523.606545802
5566.0,0.997501,626507.1996827829
5567.0,0.9974620000000001,626582.9783366974
5568.0,0.9959959999999999,625762.0777819499
5569.0,0.9924709999999999,623646.933829878
5570.0,0.991769,623305.1586697052
5571.0,0.9933569999999999,624402.5687401638
5572.0,0.989857,622301.4634951826
5573.0,0.9872639999999999,620769.8427158352
5574.0,0.992007,623851.0333778427
5575.0,0.99539,626077.6419078008
5576.0,0.995251,626089.1970753921
5577.0,0.996315,626857.5048025332
5578.0,0.99769,627821.6097334711
5579.0,0.998117,628189.2216908911
5580.0,0.998165,628318.229032656
5581.0,0.9971549999999999,627781.0397277398
5582.0,0.996151,627247.3102375154
5583.0,0.9967370000000001,627714.5976725884
5584.0,0.9968629999999999,627892.1428021708
5585.0,0.993656,625969.9161438476
5586.0,0.985658,621028.3008112242
5587.0,0.979683,617359.8168757603
5588.0,0.979716,617476.6516884185
5589.0,0.982817,619527.3173315852
5590.0,0.989901,624089.5816408731
5591.0,0.9956719999999999,627825.1953971388
5592.0,0.99726,628923.8012187766
5593.0,0.994898,627531.1389474885
5594.0,0.9905209999999999,624866.7429070739
5595.0,0.990991,625259.5623174314
5596.0,0.995458,628174.6256956939
5597.0,0.9960709999999999,628658.0328973383
5598.0,0.9929879999999999,626808.3977515621
5599.0,0.9928680000000001,626828.6829850932
5600.0,0.995259,628434.3430143717
5601.0,0.994949,628334.5994199215
5602.0,0.992822,627087.023298548
5603.0,0.9923719999999999,626898.309497024
5604.0,0.9954870000000001,628961.8057202067
5605.0,0.9983479999999999,630865.2778169606
5606.0,0.999131,631455.8743637144
5607.0,0.999185,631585.7013701228
5608.0,0.9990950000000001,631624.3843504873
5609.0,0.999015,631669.2550216969
5610.0,0.998965,631732.9640599275
5611.0,0.999034,631871.8110711295
5612.0,0.9990549999999999,631980.1895645794
5613.0,0.9980950000000001,631467.8019079653
5614.0,0.9924299999999999,627977.9406760035
5615.0,0.9812379999999999,620989.054437553
5616.0,0.979188,619784.4289406923
5617.0,0.989819,626607.034098226
5618.0,0.997115,631319.9887099526
5619.0,0.99861,632360.7727178254
5620.0,0.998741,632537.8518366757
5621.0,0.998807,632673.6651303264
5622.0,0.998591,632630.7196856515
5623.0,0.997174,631826.6418334956
5624.0,0.994599,630288.3433943283
5625.0,0.9943120000000001,630199.5904415946
5626.0,0.9967860000000001,631860.8598085189
5627.0,0.9984370000000001,633000.6994282282
5628.0,0.998835,633346.2215779608
5629.0,0.998974,633527.4484738425
5630.0,0.9990049999999999,633640.0826438
5631.0,0.998898,633665.0630320742
5632.0,0.9986719999999999,633614.4059104158
5633.0,0.998237,633430.9687790329
5634.0,0.9976870000000001,633174.3500658146
5635.0,0.997674,633258.3651134626
5636.0,0.9983799999999999,633798.7014818802
5637.0,0.9988540000000001,634191.7498650593
5638.0,0.9988360000000001,634272.3429372883
5639.0,0.9987280000000001,634295.6563662051
5640.0,0.998014,633933.9045521822
5641.0,0.9972610000000001,633547.128546164
5642.0,0.997957,634080.7616228295
5643.0,0.998833,634728.7901019844
5644.0,0.9989540000000001,634897.0128503117
5645.0,0.9990190000000001,635029.544308855
5646.0,0.9992120000000001,635243.3461019581
5647.0,0.99944,635479.3205224597
5648.0,0.9995870000000001,635663.7096308244
5649.0,0.999604,635765.3264640269
5650.0,0.999611,635860.4685712763
5651.0,0.99969,636001.3015411269
5652.0,0.999741,636124.216049789
5653.0,0.999704,636191.0217486596
5654.0,0.9995290000000001,636169.8713432319
5655.0,0.9991209999999999,636000.2543816745
5656.0,0.9977389999999999,635210.3505181249
5657.0,0.993131,632365.9593563109
5658.0,0.9877729999999999,629043.002287471
5659.0,0.9893569999999999,630140.4616147025
5660.0,0.995292,634009.7147305268
5661.0,0.9977379999999999,635657.0787666327
5662.0,0.996291,634824.1929450948
5663.0,0.9954629999999999,634385.4071735297
5664.0,0.997338,635669.1578192917
5665.0,0.998828,636707.7062928824
5666.0,0.998561,636626.2394318702
5667.0,0.9976,636102.0922270156
5668.0,0.997052,635841.037470497
5669.0,0.997189,636016.6693974587
5670.0,0.9982340000000001,636771.4211315659
5671.0,0.999258,637512.8439292946
5672.0,0.999657,637855.5349729822
5673.0,0.9997809999999999,638022.6857047775
5674.0,0.9997209999999999,638072.3042604047
5675.0,0.999555,638054.1325357993
5676.0,0.999561,638145.6250964276
5677.0,0.9996729999999999,638304.6853393342
5678.0,0.999662,638385.1014955246
5679.0,0.999569,638413.0275481223
5680.0,0.999533,638477.2318756573
5681.0,0.999466,638521.5095292213
5682.0,0.999044,638338.8327722994
5683.0,0.9979790000000001,637745.0665955491
5684.0,0.9968670000000001,637120.9612987204
5685.0,0.997365,637525.6760280433
5686.0,0.998517,638348.4617216093
5687.0,0.998872,638661.7431299038
5688.0,0.9988440000000001,638730.05379656
5689.0,0.998975,638899.9336620274
5690.0,0.9992129999999999,639138.1624716927
5691.0,0.9994219999999999,639357.7648674949
5692.0,0.999662,639597.1221363785
5693.0,0.999791,639765.3765408407
5694.0,0.9997209999999999,639806.180864974
5695.0,0.999597,639812.2942381001
5696.0,0.9996120000000001,639907.2529241644
5697.0,0.999635,640007.2210027333
5698.0,0.999509,640011.6693554827
5699.0,0.999273,639945.5360285859
5700.0,0.9985790000000001,639585.9004507022
5701.0,0.997461,638954.425952144
5702.0,0.997432,639020.3320634561
5703.0,0.9985709999999999,639834.514808734
5704.0,0.9993059999999999,640389.8782006355
5705.0,0.99929,640463.9207598835
5706.0,0.998974,640345.5449241701
5707.0,0.99841,640068.0115633782
5708.0,0.996506,638931.0992017736
5709.0,0.9938889999999999,637336.5378456904
5710.0,0.9938,637362.7287752826
5711.0,0.995449,638503.5835292924
5712.0,0.9968600000000001,639491.9214670657
5713.0,0.998383,640552.2388745176
5714.0,0.999152,641128.8744706477
5715.0,0.9991709999999999,641224.2065743211
5716.0,0.999333,641411.2105050606
5717.0,0.9994780000000001,641587.2143239671
5718.0,0.9994569999999999,641656.555016574
5719.0,0.999534,641788.7025692312
5720.0,0.9995780000000001,641899.5569788916
5721.0,0.99956,641970.484746986
5722.0,0.9996700000000001,642123.5143094005
5723.0,0.999808,642294.4355324099
5724.0,0.9998450000000001,642400.372823576
5725.0,0.9997780000000001,642439.373560429
5726.0,0.999575,642390.8469508666
5727.0,0.9994059999999999,642364.0264538182
5728.0,0.999481,642493.9142954794
5729.0,0.999611,642659.0604797975
5730.0,0.9996229999999999,642748.2410830165
5731.0,0.999501,642751.1381360237
5732.0,0.99945,642799.5654284207
5733.0,0.999574,642960.4367084203
5734.0,0.9996959999999999,643119.9277345873
5735.0,0.999764,643244.5814024167
5736.0,0.999782,643336.95852484
5737.0,0.999755,643400.2648008122
5738.0,0.9997280000000001,643463.4531160628
5739.0,0.999662,643501.418476497
5740.0,0.9995450000000001,643506.4259346034
5741.0,0.999466,643535.7685573047
5742.0,0.999445,643602.3347517824
5743.0,0.999439,643678.4447965478
5744.0,0.999483,643786.6465201606
5745.0,0.999603,643943.7011168454
5746.0,0.999662,644061.3605357544
5747.0,0.999495,644033.2910292606
5748.0,0.999282,643975.4376126542
5749.0,0.9993620000000001,644106.2808585383
5750.0,0.9995799999999999,644325.9780266535
5751.0,0.9995569999999999,644390.2297441614
5752.0,0.999125,644190.6600486845
5753.0,0.998409,643807.7764059076
5754.0,0.9979319999999999,643578.801112653
5755.0,0.998282,643883.0456397184
5756.0,0.999094,644485.254626773
5757.0,0.999403,644762.9687655795
5758.0,0.9992780000000001,644760.5902567368
5759.0,0.9992049999999999,644791.6352672316
5760.0,0.999215,644876.1229258124
5761.0,0.9990290000000001,644833.9891691956
5762.0,0.998409,644511.5500572643
5763.0,0.998022,644339.3305626299
5764.0,0.998712,644862.3509472245
5765.0,0.9994930000000001,645444.1311519071
5766.0,0.9997299999999999,645674.5780298936
5767.0,0.9997379999999999,645757.031963725
5768.0,0.9996379999999999,645769.6062976978
5769.0,0.999518,645769.1311807133
5770.0,0.9995069999999999,645838.9563859982
5771.0,0.999482,645899.6202976749
5772.0,0.9994299999999999,645942.7176903638
5773.0,0.9994850000000001,646054.858362201
5774.0,0.999491,646135.2185067112
5775.0,0.999473,646199.9504290699
5776.0,0.9995959999999999,646355.7404734375
5777.0,0.9996719999999999,646481.0425969856
5778.0,0.9996149999999999,646520.2239173137
5779.0,0.999475,646505.5963992749
5780.0,0.999091,646332.9869277198
5781.0,0.998574,646074.1567918647
5782.0,0.998409,646042.9060988857
5783.0,0.998821,646384.9230821488
5784.0,0.9991969999999999,646703.5904645551
5785.0,0.999242,646807.9469290574
5786.0,0.9993120000000001,646928.3828025069
5787.0,0.9994350000000001,647083.0323064496
5788.0,0.9994649999999999,647177.3689002942
5789.0,0.999425,647226.2664699476
5790.0,0.99926,647194.0873162949
5791.0,0.9991059999999999,647168.8972360282
5792.0,0.9992139999999999,647313.3022276508
5793.0,0.9993270000000001,647460.8513570764
5794.0,0.9994379999999999,647607.0099437017
5795.0,0.999555,647756.9619069342
5796.0,0.9994719999999999,647777.1959852678
5797.0,0.9991549999999999,647645.6292354324
5798.0,0.9990540000000001,647653.9301261744
5799.0,0.9993850000000001,647942.1882162938
5800.0,0.9996440000000001,648183.6980602047
5801.0,0.9997090000000001,648299.3281695148
5802.0,0.9996649999999999,648344.1635043002
5803.0,0.999402,648246.8303008227
5804.0,0.9990760000000001,648108.4789701318
5805.0,0.998957,648104.2666865023
5806.0,0.999033,648226.452653032
5807.0,0.9992780000000001,648458.207464497
5808.0,0.9994569999999999,648647.0531351672
5809.0,0.9995129999999999,648755.9781370824
5810.0,0.999558,648857.6598893001
5811.0,0.9995379999999999,648917.038307455
5812.0,0.99951,648971.1088091077
5813.0,0.999531,649056.8833105474
5814.0,0.99956,649147.745681025
5815.0,0.999483,649169.6540594392
5816.0,0.9993340000000001,649144.6712586364
5817.0,0.9994120000000001,649267.0269076428
5818.0,0.999641,649487.3911007988
5819.0,0.999732,649618.0063149191
5820.0,0.999727,649686.1372241853
5821.0,0.9997389999999999,649765.2059443648
5822.0,0.999724,649826.615882813
5823.0,0.999676,649866.460856906
5824.0,0.999676,649937.3958787408
5825.0,0.9997020000000001,650025.1263911091
5826.0,0.9996940000000001,650090.6405742747
5827.0,0.9997030000000001,650167.0996292498
5828.0,0.999756,650272.0688265016
5829.0,0.999799,650370.4304336067
5830.0,0.99975,650408.8355035328
5831.0,0.999641,650408.0852243572
5832.0,0.999613,650459.9173947492
5833.0,0.9996299999999999,650540.9209518451
5834.0,0.999624,650606.8474697582
5835.0,0.9996799999999999,650713.020482851
5836.0,0.9997719999999999,650842.5272217431
5837.0,0.9997879999999999,650922.4564439429
5838.0,0.9997389999999999,650959.9547615167
5839.0,0.9997280000000001,651022.0822133401
5840.0,0.9997379999999999,651097.7751822075
5841.0,0.9997299999999999,651161.6359029259
5842.0,0.9997450000000001,651240.3683538117
5843.0,0.999785,651335.2802812445
5844.0,0.9997940000000001,651409.8904083222
5845.0,0.9997299999999999,651436.8246424444
5846.0,0.999576,651404.9894288566
5847.0,0.999466,651401.7008173033
5848.0,0.9995280000000001,651510.400629649
5849.0,0.999653,651660.0685379363
5850.0,0.9996870000000001,651750.3164606601
5851.0,0.9990180000000001,651382.0881422504
5852.0,0.9947280000000001,648652.4410582173
5853.0,0.9856459999999999,642796.9621363077
5854.0,0.983382,641387.0204781736
5855.0,0.991575,646797.6961584514
5856.0,0.996251,649915.0172854575
5857.0,0.9950969999999999,649229.2045984071
5858.0,0.9952059999999999,649367.2298159096
5859.0,0.997459,650904.2551777773
5860.0,0.998792,651841.0551535371
5861.0,0.9990180000000001,652055.3901723436
5862.0,0.9987309999999999,651934.7793081631
5863.0,0.998868,652090.8214401903
5864.0,0.9993299999999999,652458.9646497208
5865.0,0.999283,652494.7027042576
5866.0,0.998816,652256.0537606019
5867.0,0.9988319999999999,652332.679626816
5868.0,0.999345,652733.8206055368
5869.0,0.9996709999999999,653012.7674630549
5870.0,0.9997530000000001,653132.2453521225
5871.0,0.9997379999999999,653188.2498636731
5872.0,0.9996780000000001,653214.7399978596
5873.0,0.999633,653250.9163896187
5874.0,0.999667,653338.6096472368
5875.0,0.9997389999999999,653451.0368372969
5876.0,0.9997510000000001,653524.1441152181
5877.0,0.999685,653546.1522311209
5878.0,0.999602,653556.9288441591
5879.0,0.999541,653581.9721070192
5880.0,0.999459,653593.1666496348
5881.0,0.999452,653653.2935776112
5882.0,0.999495,653746.0155936847
5883.0,0.999376,653732.6645609848
5884.0,0.999287,653738.8166121701
5885.0,0.9994780000000001,653928.0450090728
5886.0,0.9996280000000001,654090.3626097946
5887.0,0.9986139999999999,653490.8727054101
5888.0,0.990185,648038.3108027544
5889.0,0.965641,632036.8824327205
5890.0,0.9490430000000001,621233.5853904369
5891.0,0.96829,633894.1139072378
5892.0,0.99098,648811.1766239341
5893.0,0.9968819999999999,652738.5651222195
5894.0,0.990519,648634.9392330686
5895.0,0.969291,634795.2128856103
5896.0,0.955617,625900.3425783868
5897.0,0.9731139999999999,637421.6750671953
5898.0,0.992793,650374.5256826429
5899.0,0.998502,654177.1781593341
5900.0,0.9992700000000001,654742.9917091554
5901.0,0.9995229999999999,654971.3232759682
5902.0,0.999604,655086.8599261895
5903.0,0.999609,655152.4886753173
5904.0,0.999555,655179.3383499433
5905.0,0.999466,655183.1307848011
5906.0,0.999449,655234.0082148433
5907.0,0.9995290000000001,655348.3755220007
5908.0,0.999497,655389.2054727725
5909.0,0.9991399999999999,655216.7960377331
5910.0,0.998812,655063.2553901974
5911.0,0.999051,655281.4653475732
5912.0,0.9992840000000001,655495.6623890327
5913.0,0.998892,655299.7648857789
5914.0,0.9983110000000001,654979.7123521593
5915.0,0.9984350000000001,655122.067467799
5916.0,0.998885,655478.2558902366
5917.0,0.999266,655789.1101952445
5918.0,0.9995120000000001,656011.2998164874
5919.0,0.9995709999999999,656110.6677064062
5920.0,0.9995700000000001,656170.5493617854
5921.0,0.999511,656192.2469510074
5922.0,0.999432,656200.6998143387
5923.0,0.999497,656303.5923551063
5924.0,0.999616,656441.8481601304
5925.0,0.9997020000000001,656558.3393747413
5926.0,0.999725,656633.3556520506
5927.0,0.999607,656615.649545172
5928.0,0.999402,656540.6702402249
5929.0,0.999142,656429.4260398375
5930.0,0.9990110000000001,656402.8049181286
5931.0,0.9992719999999999,656633.6504512838
5932.0,0.9995200000000001,656855.878067152
5933.0,0.999389,656828.9390524616
5934.0,0.99905,656665.1627164256
5935.0,0.9990190000000001,656703.7042018949
5936.0,0.999332,656968.2847228427
5937.0,0.9995139999999999,657146.6685335116
5938.0,0.999577,657246.7228236473
5939.0,0.9996510000000001,657353.9125187816
5940.0,0.999642,657406.4212366852
5941.0,0.999519,657383.8457639876
5942.0,0.9994559999999999,657400.6161979223
5943.0,0.9995360000000001,657511.3418598365
5944.0,0.999647,657642.3657519525
5945.0,0.9997209999999999,657748.9538681513
5946.0,0.999717,657804.1221957332
5947.0,0.999426,657670.3252091873
5948.0,0.9988049999999999,657319.2148114289
5949.0,0.998662,657282.5300386341
5950.0,0.999195,657690.6811049728
5951.0,0.999501,657949.3593965244
5952.0,0.999331,657894.6004236591
5953.0,0.9991639999999999,657841.6924410821
5954.0,0.999295,657984.8785389183
5955.0,0.9992690000000001,658024.5894465712
5956.0,0.998808,657777.7179917379
5957.0,0.998662,657738.1548221268
5958.0,0.999175,658132.5380990941
5959.0,0.999583,658457.7079679808
5960.0,0.999677,658575.959713391
5961.0,0.999717,658658.5399671217
5962.0,0.9997799999999999,658756.1750362216
5963.0,0.999793,658820.7649452616
5964.0,0.9997280000000001,658833.8489619822
5965.0,0.999558,658777.6192017336
5966.0,0.9994370000000001,658753.5633723625
5967.0,0.9995430000000001,658879.0238349369
5968.0,0.9996860000000001,659028.7836778081
5969.0,0.99976,659132.9641959231
5970.0,0.999801,659215.2904143516
5971.0,0.999801,659270.4816754877
5972.0,0.9997510000000001,659292.596122406
5973.0,0.9996719999999999,659295.4752978398
5974.0,0.9995120000000001,659244.8170184612
5975.0,0.9992489999999999,659126.0963675891
5976.0,0.9990959999999999,659079.8075633061
5977.0,0.999179,659189.0948152397
5978.0,0.999344,659352.389861523
5979.0,0.999482,659497.783581732
5980.0,0.9996360000000001,659653.647008634
5981.0,0.999743,659778.4060187466
5982.0,0.9997440000000001,659833.112863678
5983.0,0.9995719999999999,659773.526642121
5984.0,0.999244,659610.841316088
5985.0,0.9991190000000001,659582.0305730643
5986.0,0.9992840000000001,659744.5661337088
5987.0,0.999359,659847.5917505352
5988.0,0.999373,659910.2423916679
5989.0,0.9993860000000001,659972.1309738242
5990.0,0.9992690000000001,659948.061799518
5991.0,0.9990040000000001,659826.1254768235
5992.0,0.999102,659943.8329467094
5993.0,0.9994559999999999,660230.5588491266
5994.0,0.999603,660380.4661760667
5995.0,0.999632,660452.324020427
5996.0,0.999659,660522.7605322454
5997.0,0.9996440000000001,660565.3434085916
5998.0,0.99961,660595.2657010937
5999.0,0.999611,660648.2133640404
6000.0,0.9995790000000001,660679.2468233893
6001.0,0.999474,660661.9205810034
6002.0,0.999215,660542.6773132072
6003.0,0.9989889999999999,660445.1213467463
6004.0,0.9991709999999999,660617.1949215209
6005.0,0.999418,660832.1639936379
6006.0,0.9993989999999999,660871.1587113788
6007.0,0.9989979999999999,660657.4248296465
6008.0,0.998489,660372.1192907408
6009.0,0.998664,660539.0724520779
6010.0,0.9993129999999999,661019.4800131312
6011.0,0.999597,661258.3951303405
6012.0,0.999424,661194.8968433018
6013.0,0.9991120000000001,661039.312697632
6014.0,0.9990760000000001,661066.2178272201
6015.0,0.9990690000000001,661112.2074418112
6016.0,0.9986709999999999,660899.3388826147
6017.0,0.9986010000000001,660903.4082739411
6018.0,0.999108,661289.2733770983
6019.0,0.999216,661410.9776473094
6020.0,0.998819,661198.2910450565
6021.0,0.9984850000000001,661027.1708692544
6022.0,0.998447,661051.8913914148
6023.0,0.998531,661157.2864162236
6024.0,0.9985459999999999,661216.8978854384
6025.0,0.998942,661528.7187517579
6026.0,0.9992479999999999,661780.8723250534
6027.0,0.9992219999999999,661813.061717622
6028.0,0.9993209999999999,661927.9443415486
6029.0,0.999518,662107.6531890256
6030.0,0.999626,662228.3196950668
6031.0,0.9996299999999999,662279.9928740155
6032.0,0.999653,662344.1540792432
6033.0,0.9996700000000001,662404.2405659524
6034.0,0.9996450000000001,662436.3953159783
6035.0,0.999668,662500.257066478
6036.0,0.9996860000000001,662560.7061122067
6037.0,0.999661,662592.554709505
6038.0,0.9996719999999999,662648.1630443285
6039.0,0.999697,662712.9522747506
6040.0,0.999674,662745.8208236452
6041.0,0.9996149999999999,662754.7179321806
6042.0,0.9995430000000001,662754.8888081781
6043.0,0.999525,662790.7597338224
6044.0,0.9995729999999999,662870.2963497873
6045.0,0.999606,662939.7888488426
6046.0,0.9995649999999999,662960.1034548768
6047.0,0.9995209999999999,662978.3236938698
6048.0,0.999549,663044.1999503444
6049.0,0.999609,663131.2068599233
6050.0,0.999656,663209.4942863574
6051.0,0.999607,663223.9911896915
6052.0,0.9995120000000001,663207.8606705815
6053.0,0.999518,663258.6423653832
6054.0,0.99955,663326.5786145178
6055.0,0.99944,663300.1762304753
6056.0,0.999293,663249.105858
6057.0,0.9993690000000001,663345.941264898
6058.0,0.9995149999999999,663489.1504322437
6059.0,0.999566,663569.2066315414
6060.0,0.999591,663631.9060574429
6061.0,0.999635,663707.1228765245
6062.0,0.9996149999999999,663739.7481274705
6063.0,0.99913,663463.4925204242
6064.0,0.996822,661976.4622730128
6065.0,0.993036,659507.5337982726
6066.0,0.993224,659677.6048530904
6067.0,0.997143,662325.8118371535
6068.0,0.9993569999999999,663841.6967282944
6069.0,0.9997530000000001,664149.9595949968
6070.0,0.9997540000000001,664195.7368129636
6071.0,0.99976,664244.7366332234
6072.0,0.9998040000000001,664318.8865961151
6073.0,0.9998309999999999,664381.6446888952
6074.0,0.9998,664405.7625778028
6075.0,0.999741,664411.1700345336
6076.0,0.999717,664439.734926871
6077.0,0.9996290000000001,664425.6594302367
6078.0,0.999416,664328.3873750389
6079.0,0.999376,664346.0009690949
6080.0,0.9995299999999999,664492.4841293389
6081.0,0.999542,664544.4732847399
6082.0,0.999401,664494.6358982378
6083.0,0.999223,664420.0845544973
6084.0,0.9990389999999999,664341.4288815446
6085.0,0.9989790000000001,664345.1213271733
6086.0,0.9991620000000001,664510.3212378189
6087.0,0.999441,664739.2890140603
6088.0,0.999642,664916.3002594236
6089.0,0.9996370000000001,664956.1995177271
6090.0,0.9994879999999999,664900.205043874
6091.0,0.999452,664919.2762405787
6092.0,0.9995370000000001,665018.7503707005
6093.0,0.9996079999999999,665108.8181424153
6094.0,0.999677,665197.4627300169
6095.0,0.9997459999999999,665286.0148128676
6096.0,0.999717,665309.2556527961
6097.0,0.999649,665306.4396571243
6098.0,0.999625,665332.8052642118
6099.0,0.999582,665346.4237648642
6100.0,0.999326,665218.1534476551
6101.0,0.9977860000000001,664234.9932925189
6102.0,0.994246,661920.1041868717
6103.0,0.9930540000000001,661168.1020995128
6104.0,0.9963110000000001,663378.200523532
6105.0,0.998915,665153.6559709558
6106.0,0.999337,665476.1979303672
6107.0,0.998842,665187.9925623429
6108.0,0.998455,664971.5765302408
6109.0,0.9989110000000001,665316.5041395039
6110.0,0.999484,665739.3034308704
6111.0,0.999591,665851.6383959042
6112.0,0.9995350000000001,665855.2996336204
6113.0,0.999498,665871.5166492375
6114.0,0.999525,665930.2729337454
6115.0,0.999524,665970.2779133172
6116.0,0.999481,665982.1996242941
6117.0,0.9995370000000001,666059.9909721739
6118.0,0.9995950000000001,666139.0223492077
6119.0,0.9993860000000001,666040.0191873632
6120.0,0.9978049999999999,665026.4785007557
6121.0,0.991972,661178.6302737469
6122.0,0.9854440000000001,656866.9525033252
6123.0,0.9887090000000001,659082.7636401342
6124.0,0.9961530000000001,664084.6663811897
6125.0,0.999049,666054.9630025455
6126.0,0.999381,666315.9003465504
6127.0,0.9994139999999999,666377.4034106944
6128.0,0.999366,666384.8008260853
6129.0,0.999266,666357.4216321013
6130.0,0.999342,666447.3098043393
6131.0,0.9995139999999999,666601.1320620239
6132.0,0.99961,666704.1818139896
6133.0,0.999649,666769.1232394003
6134.0,0.999049,666407.731218846
6135.0,0.9950399999999999,663772.1175805625
6136.0,0.985275,657296.1577843718
6137.0,0.978525,652830.8304829808
6138.0,0.9839889999999999,656514.0271259323
6139.0,0.992553,662265.9768118848
6140.0,0.9888379999999999,659825.0402338669
6141.0,0.9705459999999999,647656.3274262205
6142.0,0.9644290000000001,643611.1053185433
6143.0,0.982058,655413.1056902771
6144.0,0.996033,664777.577142023
6145.0,0.9992770000000001,666980.4644776307
6146.0,0.999416,667110.910904057
6147.0,0.999067,666915.5131356282
6148.0,0.9987360000000001,666732.0096480687
6149.0,0.9987149999999999,666755.3456710839
6150.0,0.9989040000000001,666918.7909888007
6151.0,0.999066,667064.1271010668
6152.0,0.9992340000000001,667213.3859144197
6153.0,0.999473,667409.9726178463
6154.0,0.9994120000000001,667406.1417172113
6155.0,0.999195,667298.0283765374
6156.0,0.999244,667367.4576088191
6157.0,0.999283,667430.1158739742
6158.0,0.999181,667398.50124164
6159.0,0.998956,667284.6220064884
6160.0,0.9968110000000001,665888.0358625437
6161.0,0.988792,660567.0461905977
6162.0,0.980441,655023.5754372935
6163.0,0.9850030000000001,658106.9298556045
6164.0,0.994549,664520.6424950917
6165.0,0.998402,667130.8912709707
6166.0,0.9988309999999999,667453.2863961394
6167.0,0.998682,667389.3570758492
6168.0,0.9975870000000001,666693.1050148264
6169.0,0.9956,665400.5199945982
6170.0,0.9958020000000001,665570.7760138332
6171.0,0.9979469999999999,667039.6761979463
6172.0,0.9988950000000001,667708.5017685749
6173.0,0.998616,667557.071596367
6174.0,0.998734,667670.9285974042
6175.0,0.9991559999999999,667987.9391401022
6176.0,0.999239,668078.2335446586
6177.0,0.999276,668137.6825883333
6178.0,0.999444,668284.633697958
6179.0,0.9994049999999999,668293.0829446918
6180.0,0.99921,668197.1139284127
6181.0,0.9993479999999999,668323.7341527371
6182.0,0.9996139999999999,668535.8751737014
6183.0,0.999683,668616.1809556587
6184.0,0.999693,668656.9343257212
6185.0,0.999714,668704.9520346944
6186.0,0.999662,668704.0451130443
6187.0,0.9995299999999999,668649.5234536966
6188.0,0.999346,668560.1109644693
6189.0,0.9984569999999999,667998.9250874248
6190.0,0.994057,665088.4993542471
6191.0,0.9863790000000001,659984.3819552027
6192.0,0.986215,659907.5135304586
6193.0,0.994007,665154.4161472339
6194.0,0.998707,668332.5828636405
6195.0,0.9996079999999999,668968.5587960553
6196.0,0.999684,669052.3578384134
6197.0,0.999713,669104.6113025778
6198.0,0.999599,669061.0589669433
6199.0,0.999128,668778.4433611628
6200.0,0.998603,668459.5562724465
6201.0,0.998821,668637.9260813203
6202.0,0.9994280000000001,669076.6364850515
6203.0,0.9997010000000001,669291.6825407156
6204.0,0.999714,669332.576641677
6205.0,0.999647,669319.8138256482
6206.0,0.999534,669276.1524511339
6207.0,0.9994270000000001,669236.4084243404
6208.0,0.9994649999999999,669293.6640149228
6209.0,0.9995709999999999,669396.3674623112
6210.0,0.999624,669463.4897062496
6211.0,0.9994559999999999,669382.5082773921
6212.0,0.9983850000000001,668696.6135492191
6213.0,0.9959899999999999,667123.730786008
6214.0,0.9941969999999999,665953.8497763447
6215.0,0.9951959999999999,666654.0474665113
6216.0,0.9976520000000001,668330.2639912402
6217.0,0.9987969999999999,669128.2567496041
6218.0,0.9978670000000001,668536.0502576851
6219.0,0.9961450000000001,667413.05720839
6220.0,0.996497,667679.5011813109
6221.0,0.998303,668920.1377428825
6222.0,0.999282,669606.6298414599
6223.0,0.9994860000000001,669773.7476585782
6224.0,0.999458,669785.3110749313
6225.0,0.9994379999999999,669802.1419345252
6226.0,0.999509,669879.8683583494
6227.0,0.999548,669936.0592094812
6228.0,0.999014,669608.0961192107
6229.0,0.995828,667502.376420292
6230.0,0.988933,662910.1259133252
6231.0,0.986535,661331.9757057794
6232.0,0.992353,665261.4999704282
6233.0,0.997207,668544.9944930968
6234.0,0.9987370000000001,669600.1179621167
6235.0,0.999186,669930.4547745753
6236.0,0.999275,670019.344173893
6237.0,0.998812,669738.0119610977
6238.0,0.9982059999999999,669360.6705821439
6239.0,0.9982620000000001,669427.1348496131
6240.0,0.998648,669714.8159793325
6241.0,0.998908,669917.9259694144
6242.0,0.999026,670025.7230536172
6243.0,0.998784,669891.980777392
6244.0,0.9977860000000001,669251.0568876255
6245.0,0.9953559999999999,667649.4502663598
6246.0,0.9934379999999999,666391.0607697796
6247.0,0.994683,667254.2790365343
6248.0,0.997242,668998.9725364129
6249.0,0.998863,670114.436037443
6250.0,0.998951,670201.4016312256
6251.0,0.996491,668578.7437199831
6252.0,0.9915889999999999,665317.3718580211
6253.0,0.9900180000000001,664290.7006035176
6254.0,0.992876,666235.7827636106
6255.0,0.995136,667779.6480438112
6256.0,0.995547,668082.736694354
6257.0,0.996001,668414.6146506263
6258.0,0.9968440000000001,669007.4948069025
6259.0,0.9976649999999999,669585.5649962856
6260.0,0.9984770000000001,670157.5485883863
6261.0,0.9986959999999999,670331.459958798
6262.0,0.9988469999999999,670459.64876694
6263.0,0.998942,670550.164662582
6264.0,0.9980129999999999,669953.1973096369
6265.0,0.996884,669221.8274665886
6266.0,0.997663,669771.2245582244
6267.0,0.9990690000000001,670741.519573828
6268.0,0.999542,671085.3889636515
6269.0,0.99934,670975.9850966344
6270.0,0.9990209999999999,670787.9214080814
6271.0,0.9991209999999999,670881.0974830018
6272.0,0.9994540000000001,671130.6475973219
6273.0,0.9996450000000001,671284.768672904
6274.0,0.9996229999999999,671295.769708271
6275.0,0.9995229999999999,671254.2968569017
6276.0,0.9995459999999999,671295.3358295887
6277.0,0.999602,671358.4497976099
6278.0,0.999209,671119.9054498877
6279.0,0.997812,670206.8882261699
6280.0,0.996432,669305.1297399654
6281.0,0.996993,669707.0342861799
6282.0,0.998616,670822.2782488968
6283.0,0.9995229999999999,671456.5216656317
6284.0,0.9997159999999999,671611.0542948657
6285.0,0.999657,671596.206734128
6286.0,0.9995930000000001,671577.9075838454
6287.0,0.999598,671605.875359922
6288.0,0.9996940000000001,671694.8970156136
6289.0,0.9997659999999999,671767.7079013435
6290.0,0.999663,671722.8419431717
6291.0,0.9995149999999999,671647.6429937885
6292.0,0.99945,671628.1235735909
6293.0,0.999433,671640.769003264
6294.0,0.999559,671749.4271538738
6295.0,0.9996450000000001,671831.1195769259
6296.0,0.999282,671610.9571786845
6297.0,0.9983920000000001,671036.4828781629
6298.0,0.997908,670734.7668940554
6299.0,0.998031,670840.9432457469
6300.0,0.997174,670288.2926411368
6301.0,0.9955129999999999,669195.0555647867
6302.0,0.9953299999999999,669095.2153779379
6303.0,0.997101,670308.870101295
6304.0,0.9987469999999999,671438.4833884233
6305.0,0.999341,671860.8204985065
6306.0,0.999516,672001.3915412651
6307.0,0.9996790000000001,672133.8139989445
6308.0,0.999663,672145.8008645222
6309.0,0.999276,671908.2401216151
6310.0,0.9989129999999999,671686.7116593247
6311.0,0.9990680000000001,671813.4026645912
6312.0,0.999235,671948.0820561775
6313.0,0.99846,671449.2001192039
6314.0,0.996432,670107.5443632518
6315.0,0.9956879999999999,669629.2383767379
6316.0,0.996642,670292.8038762051
6317.0,0.9951180000000001,669289.6873233566
6318.0,0.9930049999999999,667890.2579956591
6319.0,0.995084,669310.2589801564
6320.0,0.9978290000000001,671178.2402320658
6321.0,0.998542,671679.4073493074
6322.0,0.998442,671633.627423541
6323.0,0.998559,671733.7322326537
6324.0,0.999151,672153.2986516812
6325.0,0.999552,672444.3083532032
6326.0,0.999597,672495.7425663032
6327.0,0.999448,672416.5703659446
6328.0,0.999451,672439.5714638389
6329.0,0.999589,672553.3173728259
6330.0,0.999556,672551.924266715
6331.0,0.9994049999999999,672471.043705746
6332.0,0.999257,672392.0883756472
6333.0,0.998893,672167.6906881646
6334.0,0.996892,670841.5995643559
6335.0,0.993692,668708.4686586658
6336.0,0.9934219999999999,668546.9341716329
6337.0,0.995928,670253.5335565679
6338.0,0.9981270000000001,671753.53207973
6339.0,0.999086,672418.9698455584
6340.0,0.9994209999999999,672664.3734275509
6341.0,0.999552,672772.3964942478
6342.0,0.999484,672746.3923723141
6343.0,0.999216,672585.6762080105
6344.0,0.9989549999999999,672429.5748364668
6345.0,0.9990979999999999,672545.3303328785
6346.0,0.9992219999999999,672648.2146284478
6347.0,0.999129,672604.9347569444
6348.0,0.9992260000000001,672689.4748882906
6349.0,0.9994049999999999,672829.1372121015
6350.0,0.999473,672893.9894285006
6351.0,0.9995200000000001,672944.6193139621
6352.0,0.999442,672911.003890687
6353.0,0.9991129999999999,672708.299639591
6354.0,0.9987090000000001,672454.9975887953
6355.0,0.998575,672383.3969786434
6356.0,0.998885,672610.6778959135
6357.0,0.9988809999999999,672626.4430312127
6358.0,0.9981479999999999,672151.2147111798
6359.0,0.997949,672035.4781826942
6360.0,0.998743,672588.3694816156
6361.0,0.999229,672933.7803631191
6362.0,0.999129,672884.4690371841
6363.0,0.998969,672794.659073674
6364.0,0.9990120000000001,672841.4796438086
6365.0,0.9991969999999999,672983.8566655495
6366.0,0.999326,673088.4363227148
6367.0,0.9993799999999999,673142.4180146436
6368.0,0.999315,673116.1603977012
6369.0,0.9990180000000001,672933.5410397083
6370.0,0.9988229999999999,672819.5344527387
6371.0,0.9989879999999999,672947.9424992822
6372.0,0.999344,673204.9375290158
6373.0,0.999569,673373.609556073
6374.0,0.999539,673370.4154050164
6375.0,0.9995040000000001,673363.7665883494
6376.0,0.9995729999999999,673427.0978190234
6377.0,0.9995780000000001,673447.2274862743
6378.0,0.9994780000000001,673396.5287398159
6379.0,0.9994190000000001,673373.3660619081
6380.0,0.999408,673382.4580262301
6381.0,0.9994149999999999,673403.5931282474
6382.0,0.9994649999999999,673453.6176537187
6383.0,0.999455,673463.1292181491
6384.0,0.9993719999999999,673423.3649402205
6385.0,0.99936,673431.3575653452
6386.0,0.99946,673514.7395952508
6387.0,0.999499,673556.9326719214
6388.0,0.9994379999999999,673531.6514146694
6389.0,0.999396,673519.0883467346
6390.0,0.999318,673482.1776249328
6391.0,0.998725,673098.092036062
6392.0,0.9952719999999999,670786.3412885768
6393.0,0.988484,666226.6488946525
6394.0,0.987567,665623.7398000723
6395.0,0.9942290000000001,670129.1085018542
6396.0,0.9985709999999999,673070.8370989215
6397.0,0.9992709999999999,673557.7261058264
6398.0,0.997957,672686.9870258895
6399.0,0.993474,669679.9684017142
6400.0,0.989685,667140.5541532751
6401.0,0.992891,669316.3342589205
6402.0,0.997683,672561.2847376975
6403.0,0.999293,673661.1851322079
6404.0,0.999505,673818.583661497
6405.0,0.999481,673816.8012533326
6406.0,0.9992489999999999,673674.7048312905
6407.0,0.998534,673206.8818706506
6408.0,0.997943,672822.5570778988
6409.0,0.998351,673111.6814555342
6410.0,0.998135,672980.0097153976
6411.0,0.996382,671811.9242793407
6412.0,0.995999,671567.4504204156
6413.0,0.9978100000000001,672802.2509125591
6414.0,0.999006,673622.327920572
6415.0,0.9992040000000001,673769.3967500398
6416.0,0.9990950000000001,673709.3716363733
6417.0,0.9990209999999999,673672.8621310778
6418.0,0.99908,673725.955650325
6419.0,0.9984379999999999,673306.2416426163
6420.0,0.995975,671658.3950033346
6421.0,0.993016,669675.9057397996
6422.0,0.994138,670445.4785136855
6423.0,0.997698,672859.2136672132
6424.0,0.999265,673928.829650947
6425.0,0.999425,674049.4696995824
6426.0,0.999481,674099.888303688
6427.0,0.9996360000000001,674216.9974359785
6428.0,0.9994930000000001,674133.0342678654
6429.0,0.997782,672991.3887149573
6430.0,0.993267,669958.3212146391
6431.0,0.9905209999999999,668118.2724906252
6432.0,0.9933620000000001,670046.6413848021
6433.0,0.9968879999999999,672437.0545667236
6434.0,0.9987959999999999,673736.0515118467
6435.0,0.999533,674245.1019405131
6436.0,0.9994270000000001,674185.423465183
6437.0,0.99736,672802.8016577399
6438.0,0.9906520000000001,668289.2523622476
6439.0,0.984886,664410.9454659637
6440.0,0.989597,667600.4021729464
6441.0,0.9968549999999999,672508.1679817536
6442.0,0.99935,674202.7011184456
6443.0,0.9995780000000001,674367.7715717433
6444.0,0.9995139999999999,674335.7634829826
6445.0,0.999599,674404.1986878634
6446.0,0.9997719999999999,674531.9263407658
6447.0,0.99975,674528.0101921923
6448.0,0.9990290000000001,674052.3913049842
6449.0,0.9971979999999999,672827.7379344985
6450.0,0.99616,672138.0239801002
6451.0,0.9975200000000001,673066.2321983188
6452.0,0.999026,674092.901339588
6453.0,0.999532,674444.7601036051
6454.0,0.9993219999999999,674313.4120314555
6455.0,0.998143,673528.115331993
6456.0,0.996761,672605.7306614278
6457.0,0.997223,672927.5708544519
6458.0,0.9987360000000001,673958.5662585536
6459.0,0.9994219999999999,674431.4334480845
6460.0,0.9989290000000001,674108.6069763243
6461.0,0.995094,671530.3707079471
6462.0,0.987584,666471.9021353323
6463.0,0.986505,665753.2360828872
6464.0,0.993683,670606.871277977
6465.0,0.9984709999999999,673847.6005698461
6466.0,0.999527,674569.654099816
6467.0,0.999675,674678.8390451474
6468.0,0.9996809999999999,674692.1091441545
6469.0,0.999508,674584.4886013725
6470.0,0.9989620000000001,674225.0370281305
6471.0,0.997944,673546.9259387723
6472.0,0.997767,673436.3437145603
6473.0,0.9987879999999999,674134.2708789139
6474.0,0.999411,674563.501092976
6475.0,0.9993770000000001,674549.2066625766
6476.0,0.9993639999999999,674549.0058572339
6477.0,0.99951,674656.047445212
6478.0,0.999519,674670.5369107671
6479.0,0.9994850000000001,674655.9211726586
6480.0,0.999381,674593.9738921241
6481.0,0.99887,674257.2116727264
6482.0,0.9983559999999999,673918.3360445317
6483.0,0.9985709999999999,674071.4735308416
6484.0,0.9991530000000001,674472.2757208814
6485.0,0.9994629999999999,674689.393100558
6486.0,0.999489,674714.7185147903
6487.0,0.999526,674747.3902526863
6488.0,0.999597,674802.9353316503
6489.0,0.9994219999999999,674692.3314510414
6490.0,0.998316,673953.1364948569
6491.0,0.99605,672430.7326451226
6492.0,0.994085,671111.4227291287
6493.0,0.9897469999999999,668189.9646694439
6494.0,0.980139,661710.488326869
6495.0,0.971406,655821.5329612729
6496.0,0.964902,651437.2494124554
6497.0,0.963907,650772.1450700645
6498.0,0.971225,655719.4459023385
6499.0,0.9395459999999999,634337.8064637363
6500.0,0.8324950000000001,562067.4930196984
6501.0,0.718305,484975.6795824034
6502.0,0.657663,444036.4939618063
6503.0,0.6484489999999999,437819.6147240237
6504.0,0.706324,476900.1246694812
6505.0,0.7636850000000001,515634.26013522915
6506.0,0.7563810000000001,510707.33718126913
6507.0,0.713823,481976.60038323025
6508.0,0.700498,472983.7240291678
6509.0,0.732534,494619.1340139782
6510.0,0.776926,524597.9143938898
6511.0,0.791085,534162.9746753039
6512.0,0.768741,519080.0686347388
6513.0,0.754624,509552.04501541884
6514.0,0.751816,507660.1520796198
6515.0,0.744229,502541.1460482254
6516.0,0.731279,493800.60059900547
6517.0,0.70799,478078.3310742495
6518.0,0.683602,461613.6418110723
6519.0,0.642559,433901.99267163815
6520.0,0.576021,388973.6871479367
6521.0,0.577978,390298.10040504305
6522.0,0.693728,468465.4061270094
6523.0,0.7789,525984.7203570054
6524.0,0.7658510000000001,517176.4969233135
6525.0,0.716773,484037.6633160856
6526.0,0.708232,478273.188263133
6527.0,0.762271,514769.5019356821
6528.0,0.801602,541333.7125477749
6529.0,0.782678,528557.4883237759
6530.0,0.740065,499783.29979623464
6531.0,0.720931,486864.7100217592
6532.0,0.742563,501476.48414807516
6533.0,0.779754,526595.9311075428
6534.0,0.805553,544022.1447895401
6535.0,0.8249190000000001,557104.0129719435
6536.0,0.8020189999999999,541641.7199183394
6537.0,0.737816,498285.1471986382
6538.0,0.722062,487648.3226180374
6539.0,0.7592300000000001,512752.6658670453
6540.0,0.762629,515050.90510035056
6541.0,0.726603,490722.81267227017
6542.0,0.708064,478204.59861615644
6543.0,0.730004,493024.6084705323
6544.0,0.755207,510048.45608542644
6545.0,0.777658,525213.7634624606
6546.0,0.787134,531616.070120043
6547.0,0.76015,513393.8397697884
6548.0,0.750925,507165.603862509
6549.0,0.781166,527592.2251242797
6550.0,0.799031,539660.286661185
6551.0,0.807189,545172.3140553003
6552.0,0.815379,550705.9354202371
6553.0,0.786605,531274.0043223912
6554.0,0.753998,509253.04696573206
6555.0,0.7612369999999999,514144.1052274693
6556.0,0.754239,509419.34979606926
6557.0,0.694807,469280.02464454406
6558.0,0.658732,444916.00232029054
6559.0,0.681584,460351.94754253497
6560.0,0.735621,496850.8076716868
6561.0,0.7891630000000001,533015.4909597877
6562.0,0.8035359999999999,542724.7661003014
6563.0,0.755125,510028.3140365983
6564.0,0.674393,455501.25604791235
6565.0,0.6289859999999999,424833.29164805217
6566.0,0.591696,399647.5788349944
6567.0,0.567606,383377.36756900704
6568.0,0.60072,405744.3456589382
6569.0,0.667773,451034.8327136995
6570.0,0.709654,479323.45019309444
6571.0,0.704493,475838.358921536
6572.0,0.6824439999999999,460946.4589463134
6573.0,0.702106,474227.5660848475
6574.0,0.7312770000000001,493931.3865549102
6575.0,0.713173,481703.8892857643
6576.0,0.720929,486943.14603418944
6577.0,0.744598,502930.62260579417
6578.0,0.723925,488967.72484564816
6579.0,0.715133,483029.65428295074
6580.0,0.72869,492186.94682325213
6581.0,0.726441,490668.1729050247
6582.0,0.722725,488158.46988601965
6583.0,0.734109,495847.88097330154
6584.0,0.758976,512644.225412972
6585.0,0.772804,521984.3149153921
6586.0,0.734807,496319.56268747203
6587.0,0.661624,446888.6530913096
6588.0,0.6241,421543.2891579114
6589.0,0.623351,421037.25902967714
6590.0,0.618032,417444.4151896171
6591.0,0.610444,412318.9525388747
6592.0,0.591024,399201.63622795546
6593.0,0.5795319999999999,391439.1831344446
6594.0,0.615751,415902.59681117075
6595.0,0.654512,442082.88595032034
6596.0,0.650253,439205.7212964477
6597.0,0.6355850000000001,429297.88655913813
6598.0,0.629376,425103.5465668543
6599.0,0.58948,398155.7721804504
6600.0,0.546533,369147.2815282962
6601.0,0.551319,372379.3070979691
6602.0,0.59206,399896.4492302867
6603.0,0.659944,445746.67411983624
6604.0,0.698946,472088.9141693527
6605.0,0.677952,457907.9974870051
6606.0,0.663097,447873.5361372554
6607.0,0.705171,476290.3592142927
6608.0,0.7651859999999999,516824.77407066606
6609.0,0.769937,520032.41077267757
6610.0,0.729733,492876.45603710704
6611.0,0.71094,480181.97605735273
6612.0,0.7272350000000001,491186.52862121793
6613.0,0.742324,501376.4139781965
6614.0,0.734071,495800.70561725483
6615.0,0.7502479999999999,506725.25212842796
6616.0,0.748812,505753.70972379437
6617.0,0.68016,459384.0392967078
6618.0,0.627337,423705.5988957052
6619.0,0.610372,412245.8962323005
6620.0,0.6031350000000001,407356.50948028464
6621.0,0.598483,404213.01373390283
6622.0,0.609193,411444.890686298
6623.0,0.662173,447225.42643906915
6624.0,0.687434,464284.54636469344
6625.0,0.652941,440986.52078021504
6626.0,0.6417,433392.630109632
6627.0,0.654876,442289.48808229883
6628.0,0.645303,435822.0914094552
6629.0,0.6341479999999999,428286.26770363393
6630.0,0.620789,419261.9546255362
6631.0,0.631799,426695.6822443083
6632.0,0.662247,447256.99227821105
6633.0,0.660783,446265.9781899866
6634.0,0.6655479999999999,449481.7175478867
6635.0,0.695856,469947.8962440427
6636.0,0.698758,471905.201439966
6637.0,0.702151,474194.02852806693
6638.0,0.729173,492440.4109577452
6639.0,0.743958,502422.43201011524
6640.0,0.759,512577.8434590363
6641.0,0.763671,515729.2414369387
6642.0,0.701558,473779.64246126317
6643.0,0.5255479999999999,354913.4947202586
6644.0,0.367632,248267.97141497844
6645.0,0.398739,269273.31771432
6646.0,0.5199,351092.5337944916
6647.0,0.5877,396875.775620153
6648.0,0.638536,431202.59481802466
6649.0,0.705133,476172.2138272557
6650.0,0.74082,500267.96393421304
6651.0,0.740577,500100.34285350505
6652.0,0.714645,482585.4053089285
6653.0,0.706933,477374.17922732566
6654.0,0.713068,481513.44240776397
6655.0,0.674089,455188.68886956654
6656.0,0.5746220000000001,388019.1654585965
6657.0,0.460241,310779.878653918
6658.0,0.416134,280994.2307218005
6659.0,0.45764099999999996,309019.365120535
6660.0,0.50725,342514.80424561864
6661.0,0.506328,341889.45964033395
6662.0,0.511594,345442.39742306696
6663.0,0.55929,377644.9089297328
6664.0,0.595634,402181.7851833902
6665.0,0.611661,412999.949916432
6666.0,0.621108,419375.0380714467
6667.0,0.6314420000000001,426348.8722251023
6668.0,0.624382,421578.234777571
6669.0,0.611445,412839.56518714677
6670.0,0.655139,442337.16387245065
6671.0,0.728658,491971.2553094705
6672.0,0.767021,517868.16660651856
6673.0,0.765057,516537.288547619
6674.0,0.744413,502594.47773209075
6675.0,0.7421399999999999,501055.04140458064
6676.0,0.759848,513005.60229249985
6677.0,0.758949,512393.6246038465
6678.0,0.741071,500318.588285724
6679.0,0.694773,469056.76349047653
6680.0,0.629741,425147.9053044207
6681.0,0.584306,394469.9989101756
6682.0,0.565186,381557.9807335377
6683.0,0.570692,385271.0695188168
6684.0,0.5790029999999999,390877.66032943514
6685.0,0.590171,398412.7957248196
6686.0,0.6221260000000001,419980.47082449024
6687.0,0.6453770000000001,435671.8643271889
6688.0,0.6649390000000001,448872.57997504645
6689.0,0.693574,468197.6940413385
6690.0,0.676044,456358.95672988746
6691.0,0.6087779999999999,410946.86347905325
6692.0,0.5618310000000001,379251.64953030745
6693.0,0.577665,389935.56606249086
6694.0,0.623312,420743.3407789078
6695.0,0.6414920000000001,433010.0052976665
6696.0,0.643142,434118.64342815994
6697.0,0.651595,439819.1571675318
6698.0,0.701652,473601.3751537705
6699.0,0.732559,494457.01069306605
6700.0,0.703411,474777.1230598034
6701.0,0.70308,474547.86766022636
6702.0,0.713517,481586.40167324815
6703.0,0.70524,475993.9038592882
6704.0,0.721962,487274.0817140311
6705.0,0.7529899999999999,508209.3542489934
6706.0,0.778776,525606.1446268465
6707.0,0.775618,523467.99960788555
6708.0,0.744859,502702.062521866
6709.0,0.730929,493294.28586094215
6710.0,0.717661,484333.47554481763
6711.0,0.696592,470108.2020299279
6712.0,0.678305,457760.72088273586
6713.0,0.643423,434214.38063372916
6714.0,0.631667,426275.0174728778
6715.0,0.678242,457699.45795364975
6716.0,0.700947,473014.96516509564
6717.0,0.681934,460178.13624482596
6718.0,0.7001649999999999,472474.01305944775
6719.0,0.738446,498299.11909636453
6720.0,0.7609779999999999,513496.2565963558
6721.0,0.761073,513552.98108599085
6722.0,0.735816,496503.00483084616
6723.0,0.730025,492588.26023613143
6724.0,0.742883,501256.90719526657
6725.0,0.740794,499839.97667606757
6726.0,0.7281380000000001,491293.2136184278
6727.0,0.696969,470255.6511579791
6728.0,0.6578689999999999,443867.58686574583
6729.0,0.642207,433293.77467046946
6730.0,0.672031,453408.9426165543
6731.0,0.705993,476315.2489819068
6732.0,0.715068,482430.4431935919
6733.0,0.6964670000000001,469873.69598879863
6734.0,0.654407,441490.852635845
6735.0,0.6340939999999999,427780.07948172465
6736.0,0.6419560000000001,433077.1507454872
6737.0,0.6897399999999999,465305.80716288433
6738.0,0.730645,492892.81127162353
6739.0,0.712283,480498.0286104543
6740.0,0.721228,486524.29209845664
6741.0,0.740847,499750.63292758726
6742.0,0.736668,496923.41716703045
6743.0,0.758135,511395.6065979814
6744.0,0.796027,536946.4664050732
6745.0,0.8227959999999999,554993.7113221572
6746.0,0.815896,550330.2064015449
6747.0,0.7648159999999999,515867.4485666506
6748.0,0.71204,480261.8841673742
6749.0,0.718708,484751.0219094863
6750.0,0.766026,516656.91500836436
6751.0,0.781191,526875.9866715196
6752.0,0.7643399999999999,515501.76496994443
6753.0,0.752414,507449.45129280677
6754.0,0.762939,514538.6972437177
6755.0,0.799507,539191.1572664315
6756.0,0.837672,564919.6871480633
6757.0,0.860022,579981.911215051
6758.0,0.8699540000000001,586669.2298090017
6759.0,0.8694370000000001,586309.9026471066
6760.0,0.86034,580164.6628412027
6761.0,0.8526799999999999,574988.6043241178
6762.0,0.859759,579751.4607869608
6763.0,0.857358,578121.6613318558
6764.0,0.823283,555134.2956412192
6765.0,0.8052279999999999,542949.7141388587
6766.0,0.8278559999999999,558196.7817164853
6767.0,0.853893,575741.7511607739
6768.0,0.871238,587425.4805739647
6769.0,0.8802909999999999,593517.9942406543
6770.0,0.8510110000000001,573765.48095127
6771.0,0.787687,531061.1012931557
6772.0,0.762679,514190.5967566508
6773.0,0.791132,533362.8687639965
6774.0,0.815601,549848.466447869
6775.0,0.8151470000000001,549531.5127175046
6776.0,0.782924,527797.8655746996
6777.0,0.753192,507744.2744637636
6778.0,0.755069,508999.3721683373
6779.0,0.766203,516494.4766908391
6780.0,0.78672,530314.1420824854
6781.0,0.798618,538323.3944533211
6782.0,0.792728,534342.1777914553
6783.0,0.8021510000000001,540682.6616778035
6784.0,0.822688,554513.9669774985
6785.0,0.8262959999999999,556934.2769940131
6786.0,0.81188,547206.2739116411
6787.0,0.7766069999999999,523421.3229708262
6788.0,0.75684,510087.90923992795
6789.0,0.789855,532327.7714563359
6790.0,0.8394010000000001,565707.5716483563
6791.0,0.8588620000000001,578810.7811186571
6792.0,0.8633190000000001,581801.9799539151
6793.0,0.876777,590858.7536737531
6794.0,0.8838969999999999,595644.001133535
6795.0,0.868974,585574.8816853213
6796.0,0.858297,578367.3305380149
6797.0,0.860667,579951.6256394758
6798.0,0.8604930000000001,579821.5836285965
6799.0,0.853824,575315.0949933142
6800.0,0.8593120000000001,579000.0752309891
6801.0,0.852616,574475.5003877789
6802.0,0.811383,546681.2591198868
6803.0,0.800608,539409.279055504
6804.0,0.8202940000000001,552660.1951474416
6805.0,0.809631,545463.7588725666
6806.0,0.788825,531434.2220626079
6807.0,0.785701,529317.429037013
6808.0,0.785111,528907.7680782218
6809.0,0.797127,536990.1948005677
6810.0,0.8147340000000001,548838.5233348447
6811.0,0.829867,559019.6969304484
6812.0,0.8417680000000001,567023.2330340642
6813.0,0.821909,553632.992005526
6814.0,0.78556,529136.0252280845
6815.0,0.773573,521049.4874716046
6816.0,0.782857,527290.2826299695
6817.0,0.789752,531921.6656481087
6818.0,0.795952,536084.6830700688
6819.0,0.80508,542219.44925166
6820.0,0.799222,538261.0757777346
6821.0,0.782956,527293.4189892726
6822.0,0.74166,499469.8286702815
6823.0,0.711198,478943.5125053911
6824.0,0.75708,509829.38826486585
6825.0,0.812978,547458.4563514906
6826.0,0.8014560000000001,539686.1845754832
6827.0,0.7689159999999999,517761.451975131
6828.0,0.766249,515952.7053012413
6829.0,0.759433,511350.3459782306
6830.0,0.7633270000000001,513959.3700734948
6831.0,0.796555,536318.730905551
6832.0,0.810207,545496.7650867801
6833.0,0.799231,538093.1445832701
6834.0,0.782225,526630.173949201
6835.0,0.762142,513096.21320787835
6836.0,0.7420859999999999,499581.07506873057
6837.0,0.7434430000000001,500481.6984154359
6838.0,0.7745029999999999,521377.60350017564
6839.0,0.7829689999999999,527063.0080197181
6840.0,0.755748,508725.65044405195
6841.0,0.747728,503313.8625459133
6842.0,0.755306,508401.4268279285
6843.0,0.768463,517243.8368076189
6844.0,0.792095,533136.1481114913
6845.0,0.808806,544369.3646918928
6846.0,0.7914479999999999,532672.2975656705
6847.0,0.753192,506911.0935603068
6848.0,0.694492,467392.43126775423
6849.0,0.641249,431548.3083820455
6850.0,0.69304,466390.04054652323
6851.0,0.787783,530134.1467871143
6852.0,0.824835,555052.9582507922
6853.0,0.81394,547706.4535284456
6854.0,0.800219,538458.7143132244
6855.0,0.8162550000000001,549234.0446247717
6856.0,0.815749,548878.4094328546
6857.0,0.746692,502399.3375605728
6858.0,0.604829,406937.8509069997
6859.0,0.44322,298196.61596164544
6860.0,0.350641,235903.23524308982
6861.0,0.37711500000000003,253707.20834094097
6862.0,0.5161899999999999,347261.2660863614
6863.0,0.671834,451956.30926783354
6864.0,0.755498,508224.3514284736
6865.0,0.772817,519860.06182021357
6866.0,0.7626649999999999,513016.34095989156
6867.0,0.744186,500571.8610133166
6868.0,0.693263,466305.43056878675
6869.0,0.6266010000000001,421454.8036129883
6870.0,0.585158,393568.65650636493
6871.0,0.5549569999999999,373245.07297695504
6872.0,0.545524,366890.07496670337
6873.0,0.596865,401407.5397532049
6874.0,0.676458,454922.60896576516
6875.0,0.747873,502934.8945666401
6876.0,0.7985439999999999,536994.6456208971
6877.0,0.810362,544925.7389780553
6878.0,0.7893060000000001,530750.9347523606
6879.0,0.735772,494738.47859544377
6880.0,0.679359,456792.32102600805
6881.0,0.6994319999999999,470275.0602874565
6882.0,0.75608,508348.0337865535
6883.0,0.750879,504835.9388549038
6884.0,0.7301850000000001,490907.9674636743
6885.0,0.74867,503320.2829616046
6886.0,0.76341,513214.1632958741
6887.0,0.7392449999999999,496953.70380144287
6888.0,0.708959,476579.5065369313
6889.0,0.7428739999999999,499362.66480290884
6890.0,0.782913,526260.8244006865
6891.0,0.750046,504152.61433024576
6892.0,0.697535,468842.17850990605
6893.0,0.69266,465551.0246886836
6894.0,0.718643,482999.682243783
6895.0,0.748859,503292.1146693162
6896.0,0.794851,534185.6099354952
6897.0,0.8394520000000001,564142.3134975331
6898.0,0.8565510000000001,575615.3157614265
6899.0,0.853878,573800.8752144669
6900.0,0.861959,579212.8904912459
6901.0,0.852928,573126.0777555837
6902.0,0.808982,543579.1683355405
6903.0,0.785338,527675.1798937826
6904.0,0.791049,531495.3991780978
6905.0,0.792679,532573.4419942849
6906.0,0.7818970000000001,525312.444208925
6907.0,0.768196,516090.819227512
6908.0,0.766484,514923.9543693084
6909.0,0.748217,502635.83060084714
6910.0,0.757037,508544.3222070345
6911.0,0.8093,543634.5321244536
6912.0,0.801074,538091.1925318438
6913.0,0.740676,497504.7507403137
6914.0,0.733413,492610.0143528911
6915.0,0.780366,524129.5016508259
6916.0,0.803469,539628.6330578825
6917.0,0.798569,536319.8389967772
6918.0,0.828354,556304.9242411872
6919.0,0.8664879999999999,581895.4468775169
6920.0,0.861634,578616.3095109137
6921.0,0.8426170000000001,565826.7266531053
6922.0,0.828101,556060.3230493196
6923.0,0.800972,537825.329422493
6924.0,0.7930020000000001,532455.6988714633
6925.0,0.813341,546093.6200634253
6926.0,0.812233,545331.1036879843
6927.0,0.808251,542639.0594116186
6928.0,0.846721,568447.3610416466
6929.0,0.8866879999999999,595258.8189676664
6930.0,0.8895649999999999,597169.6663371853
6931.0,0.869275,583528.7354247207
6932.0,0.837907,562452.4889461425
6933.0,0.80592,540962.1574357738
6934.0,0.8310649999999999,557820.9655596472
6935.0,0.887375,595596.1467066463
6936.0,0.889768,597181.4148718197
6937.0,0.85321,572624.8744560318
6938.0,0.8367209999999999,561538.6771174432
6939.0,0.8304299999999999,557297.0312584229
6940.0,0.7909619999999999,530791.5176215102
6941.0,0.7557550000000001,507147.162678999
6942.0,0.757537,508324.91678746964
6943.0,0.7465109999999999,500908.3816838225
6944.0,0.743621,498951.3856802875
6945.0,0.785346,526928.9800878562
6946.0,0.8241620000000001,552952.7948516431
6947.0,0.8570049999999999,574967.3858001081
6948.0,0.8836440000000001,592818.206403814
6949.0,0.8769,588272.5405291374
6950.0,0.8688889999999999,582877.20830195
6951.0,0.8567040000000001,574682.2702024922
6952.0,0.811663,544448.6732105889
6953.0,0.792705,531712.5911186137
6954.0,0.8353729999999999,560311.9633190865
6955.0,0.8763540000000001,587777.7058242245
6956.0,0.883143,592309.3712434939
6957.0,0.87325,585652.7212473083
6958.0,0.8525360000000001,571739.5798379674
6959.0,0.837591,561696.1600038871
6960.0,0.81937,549456.6003449411
6961.0,0.7918649999999999,530992.4284788953
6962.0,0.8002060000000001,536565.5561763456
6963.0,0.8485459999999999,568957.9180745118
6964.0,0.8797659999999999,589869.1170783481
6965.0,0.859433,576214.5257118661
6966.0,0.835391,560074.2709079636
6967.0,0.8553219999999999,573415.0508647532
6968.0,0.881692,591071.3682493315
6969.0,0.891433,597578.9188461503
6970.0,0.8983040000000001,602162.0689067878
6971.0,0.895503,600261.6107548196
6972.0,0.8733799999999999,585410.0733071532
6973.0,0.8435280000000001,565379.2144646848
6974.0,0.807028,540894.152295892
6975.0,0.767776,514566.5203366362
6976.0,0.736897,493852.2700001629
6977.0,0.753355,504862.57172313123
6978.0,0.825332,553076.7224931284
6979.0,0.876625,587426.7331070132
6980.0,0.8879309999999999,594979.7626283724
6981.0,0.8886290000000001,595424.2800677905
6982.0,0.871958,584231.096833581
6983.0,0.835675,559898.7782057534
6984.0,0.8351799999999999,559545.1872059433
6985.0,0.8663299999999999,580391.9282850453
6986.0,0.894481,599227.8969541213
6987.0,0.9110219999999999,610284.8995256424
6988.0,0.8875059999999999,594508.2357509537
6989.0,0.8317610000000001,557144.5812513566
6990.0,0.784679,525586.4139329651
6991.0,0.78975,528961.9587780136
6992.0,0.830507,556238.1477600301
6993.0,0.850441,569566.3092215671
6994.0,0.853317,571469.5475844666
6995.0,0.8157800000000001,546308.9346093097
6996.0,0.76368,511398.1864431689
6997.0,0.7653409999999999,512489.7993744941
6998.0,0.8202280000000001,549221.1824197724
6999.0,0.869481,582177.1945138841
7000.0,0.862658,577585.276689927
7001.0,0.844342,565298.9547448659
7002.0,0.848799,568259.8091058803
7003.0,0.8667239999999999,580236.6530416888
7004.0,0.8710379999999999,583100.8256153605
7005.0,0.850564,569371.5094593659
7006.0,0.845253,565793.0368227866
7007.0,0.8667090000000001,580131.2889253234
7008.0,0.886605,593424.1653073445
7009.0,0.870444,582583.1488484447
7010.0,0.825865,552723.7645118647
7011.0,0.8217639999999999,549956.253548805
7012.0,0.836319,559673.7217576758
7013.0,0.80889,541295.3563135586
7014.0,0.7920520000000001,530005.4983843769
7015.0,0.831865,556623.2469603702
7016.0,0.8842969999999999,591682.0728156627
7017.0,0.901416,603111.0085334072
7018.0,0.888818,594656.9942089719
7019.0,0.8566030000000001,573079.5894207597
7020.0,0.818954,547868.6895130796
7021.0,0.813049,543895.2660554145
7022.0,0.8370559999999999,559931.1407091427
7023.0,0.837716,560348.779321272
7024.0,0.7988529999999999,534330.5008506335
7025.0,0.76273,510147.02905075846
7026.0,0.737345,493147.3164967372
7027.0,0.765794,512152.4545704176
7028.0,0.83025,555235.8648893444
7029.0,0.8613360000000001,576000.0445200414
7030.0,0.868348,580664.1054268752
7031.0,0.8750370000000001,585111.7324178271
7032.0,0.8739620000000001,584367.5882683115
7033.0,0.869128,581110.1425107564
7034.0,0.876067,585724.1662699071
7035.0,0.87225,583146.7642123386
7036.0,0.868242,580441.8483837513
7037.0,0.887069,593002.2290224772
7038.0,0.90848,607288.7767649705
7039.0,0.920436,615253.9418328446
7040.0,0.907559,606619.7755409323
7041.0,0.8870620000000001,592893.2726272489
7042.0,0.894025,597520.7963268219
7043.0,0.917501,613183.8195290351
7044.0,0.9239709999999999,617480.4646856743
7045.0,0.910474,608433.524290719
7046.0,0.9059020000000001,605351.2929575574
7047.0,0.896941,599336.5517177688
7048.0,0.873965,583957.8824436746
7049.0,0.877231,586113.8915159688
7050.0,0.895008,597964.6147002433
7051.0,0.8925930000000001,596324.3333254978
7052.0,0.8784850000000001,586872.6301424234
7053.0,0.864291,577364.2786524274
7054.0,0.854223,570612.8650464279
7055.0,0.860082,574500.6167311516
7056.0,0.859088,573810.6428513856
7057.0,0.8488950000000001,566976.6737464842
7058.0,0.852301,569225.6317239747
7059.0,0.864848,577579.0507476362
7060.0,0.866144,578418.1469943443
7061.0,0.8433120000000001,563144.9760919712
7062.0,0.8485959999999999,566647.534355745
7063.0,0.8815350000000001,588615.4214157755
7064.0,0.866708,578688.5622492476
7065.0,0.797593,532516.916151398
7066.0,0.761289,508254.9000728278
7067.0,0.7942739999999999,530251.9513303529
7068.0,0.822993,549399.0998877174
7069.0,0.796635,531778.8037814813
7070.0,0.764917,510582.2986411821
7071.0,0.7733899999999999,516213.97670424986
7072.0,0.777439,518892.3400648634
7073.0,0.7897310000000001,527071.8435610204
7074.0,0.812929,542528.9346274368
7075.0,0.816717,545031.3790782247
7076.0,0.81385,543092.5753074304
7077.0,0.831267,554689.0448911109
7078.0,0.8500120000000001,567170.4826335153
7079.0,0.85396,569777.8627615082
7080.0,0.829318,553310.0757741549
7081.0,0.79022,527199.4063124235
7082.0,0.815074,543755.0553618271
7083.0,0.8492719999999999,566542.3904697709
7084.0,0.797583,532035.7245938241
7085.0,0.709548,473288.50014322565
7086.0,0.682296,455088.8838696099
7087.0,0.69708,464927.4833663987
7088.0,0.719717,480002.51979695086
7089.0,0.7302489999999999,487003.2403999015
7090.0,0.756337,504377.04730604315
7091.0,0.825493,550468.4291807172
7092.0,0.8645790000000001,576504.5261445657
7093.0,0.853132,568844.0933495961
7094.0,0.846117,564139.3429308017
7095.0,0.8545309999999999,569721.620856509
7096.0,0.866575,577723.3364781464
7097.0,0.883026,588662.1155355874
7098.0,0.904726,603098.8111208404
7099.0,0.925565,616960.123520935
7100.0,0.91658,610941.016102329
7101.0,0.8760870000000001,583922.0052280674
7102.0,0.8367629999999999,557684.7116096962
7103.0,0.837216,557959.1699085603
7104.0,0.853776,568967.4696864203
7105.0,0.84834,565316.9382258165
7106.0,0.854634,569482.9730695428
7107.0,0.8778549999999999,584927.2485651851
7108.0,0.8638040000000001,575536.3136374096
7109.0,0.818379,545243.3976294907
7110.0,0.7997920000000001,532833.3239658482
7111.0,0.818786,545460.215253617
7112.0,0.8291430000000001,552332.2776192857
7113.0,0.812738,541377.0356240114
7114.0,0.8308450000000001,553410.657329534
7115.0,0.8849739999999999,589435.4180324295
7116.0,0.9191239999999999,612150.2020195177
7117.0,0.903517,601725.4193147538
7118.0,0.8422219999999999,560875.8177912092
7119.0,0.8073239999999999,537608.4261378812
7120.0,0.8456239999999999,563084.455882858
7121.0,0.88305,587975.9101646631
7122.0,0.8915420000000001,593600.1617760262
7123.0,0.8912030000000001,593344.2983179463
7124.0,0.8772610000000001,584032.2802528036
7125.0,0.880616,586235.9699378165
7126.0,0.9058379999999999,602995.7509142519
7127.0,0.895136,595841.2027591979
7128.0,0.86624,576577.2454125842
7129.0,0.856384,569987.7628912325
7130.0,0.8221,547141.0796729136
7131.0,0.772026,513788.3524093619
7132.0,0.787589,524118.61944796017
7133.0,0.835252,555808.334395423
7134.0,0.8399700000000001,558918.9767734783
7135.0,0.819725,545419.6438507533
7136.0,0.832512,553898.9957980099
7137.0,0.863008,574159.219973758
7138.0,0.8664290000000001,576405.2306938528
7139.0,0.858186,570891.7090087187
7140.0,0.864246,574893.0142976574
7141.0,0.8579950000000001,570705.0541865517
7142.0,0.825903,549329.9520490362
7143.0,0.811188,539514.3406752441
7144.0,0.821206,546148.5624024972
7145.0,0.8205899999999999,545710.2012707139
7146.0,0.8273360000000001,550167.4741092625
7147.0,0.8302950000000001,552106.0603755078
7148.0,0.8281629999999999,550659.3067457846
7149.0,0.838716,557646.6818623883
7150.0,0.845349,562027.0748941244
7151.0,0.8319479999999999,553088.1353946716
7152.0,0.8315229999999999,552776.2283245667
7153.0,0.8690040000000001,577661.9541174509
7154.0,0.9043100000000001,601099.250430263
7155.0,0.9327719999999999,619985.0016274753
7156.0,0.946418,629021.4702565271
7157.0,0.9342379999999999,620893.0052680817
7158.0,0.914969,608054.2753192136
7159.0,0.901977,599388.1091938992
7160.0,0.8880879999999999,590126.7765030096
7161.0,0.8827649999999999,586558.1185017978
7162.0,0.890106,591404.0091273893
7163.0,0.899136,597371.4734985937
7164.0,0.883519,586964.0602575233
7165.0,0.8807959999999999,585123.3645488617
7166.0,0.912069,605865.5478611318
7167.0,0.929141,617172.5603696717
7168.0,0.9094979999999999,604092.0510118639
7169.0,0.8675430000000001,576194.0072219492
7170.0,0.853467,566814.2775270373
7171.0,0.8756809999999999,581535.5400471652
7172.0,0.884116,587105.0797131693
7173.0,0.8562620000000001,568577.249415381
7174.0,0.846914,562339.1305895449
7175.0,0.8802840000000001,584464.2521178509
7176.0,0.89184,592104.2939381975
7177.0,0.865492,574579.8694222833
7178.0,0.8415590000000001,558660.5035074492
7179.0,0.830031,550977.3296665647
7180.0,0.8403120000000001,557771.046629187
7181.0,0.855511,567828.1903638424
7182.0,0.8131189999999999,539661.4276184915
7183.0,0.787528,522647.8351681096
7184.0,0.8210729999999999,544879.8819344149
7185.0,0.827307,548986.3136668594
7186.0,0.799801,530704.2241229992
7187.0,0.776224,515031.0563095144
7188.0,0.80609,534817.4893779791
7189.0,0.869527,576873.8096495926
7190.0,0.895633,594160.1036546995
7191.0,0.878558,582799.879786834
7192.0,0.8574639999999999,568774.9934935605
7193.0,0.840901,557756.983945829
7194.0,0.8437889999999999,559640.9996583334
7195.0,0.8810709999999999,584335.2071707455
7196.0,0.8871389999999999,588326.3076410822
7197.0,0.8516969999999999,564790.1718779223
7198.0,0.854057,566323.069370669
7199.0,0.903005,598746.3812839225
7200.0,0.9389379999999999,622536.7288735624
7201.0,0.939263,622716.7704700521
7202.0,0.915165,606705.5953624157
7203.0,0.8536389999999999,565884.8456833026
7204.0,0.786688,521472.6376550957
7205.0,0.750648,497554.29896560987
7206.0,0.743801,492987.63596205844
7207.0,0.778949,516253.93966129643
7208.0,0.81365,539221.2959360142
7209.0,0.8215319999999999,544413.5312487783
7210.0,0.8098989999999999,536673.6536248447
7211.0,0.800766,530591.1368106034
7212.0,0.8161470000000001,540751.4281869162
7213.0,0.872091,577784.6219711951
7214.0,0.92085,610053.4973560943
7215.0,0.923618,611851.7953208889
7216.0,0.9175190000000001,607776.2230522811
7217.0,0.928493,615009.7906517563
7218.0,0.924744,612490.9008033142
7219.0,0.877685,581288.1715165047
7220.0,0.8072729999999999,534623.3152319569
7221.0,0.737768,488564.4993124484
7222.0,0.702984,465502.61519196077
7223.0,0.756211,500719.18844616576
7224.0,0.84067,556610.4051591245
7225.0,0.902617,597590.6230036614
7226.0,0.911399,603369.3911594194
7227.0,0.87085,576490.9741061806
7228.0,0.867612,574313.6022889212
7229.0,0.903486,598025.004999811
7230.0,0.912847,604185.4186650433
7231.0,0.9002760000000001,595829.7975143131
7232.0,0.8609379999999999,569760.9613052533
7233.0,0.7866569999999999,520571.5830179957
7234.0,0.718723,475587.89237927203
7235.0,0.71741,474690.8291203945
7236.0,0.751342,497113.1116894008
7237.0,0.761088,503531.3671302721
7238.0,0.802692,531024.6253995212
7239.0,0.861441,569856.2339402916
7240.0,0.893236,590853.7418423105
7241.0,0.890927,589291.0796345754
7242.0,0.878907,581305.7404388447
7243.0,0.86865,574487.2861239786
7244.0,0.859102,568138.4802409703
7245.0,0.824622,545303.4398040164
7246.0,0.795077,525734.3133483193
7247.0,0.804136,531692.3585196699
7248.0,0.778276,514562.6979652257
7249.0,0.724341,478874.20735196164
7250.0,0.726317,480151.4790367007
7251.0,0.806415,533070.0844633696
7252.0,0.874452,578009.9419425946
7253.0,0.8920020000000001,589574.577882732
7254.0,0.906215,598932.2828821504
7255.0,0.9306479999999999,615042.9542092419
7256.0,0.9337110000000001,617029.5536951678
7257.0,0.8868520000000001,586027.6394025815
7258.0,0.820738,542306.6358211017
7259.0,0.799199,528042.2877596257
7260.0,0.817825,540315.6137171702
7261.0,0.840716,555404.9925919105
7262.0,0.8731540000000001,576799.1527780291
7263.0,0.8867889999999999,585770.276447869
7264.0,0.8792989999999999,580786.9480978433
7265.0,0.8952549999999999,591289.582493116
7266.0,0.899299,593923.8350463498
7267.0,0.8849870000000001,584435.616967377
7268.0,0.890568,588084.8316139424
7269.0,0.879446,580704.4392466462
7270.0,0.8234889999999999,543721.8862509594
7271.0,0.811549,535805.012468641
7272.0,0.86982,574241.261917131
7273.0,0.9045629999999999,597140.8400436646
7274.0,0.883109,582941.7809978384
7275.0,0.8558479999999999,564911.4775191204
7276.0,0.8665959999999999,571970.0554400656
7277.0,0.907955,599230.2920155309
7278.0,0.9387540000000001,619518.1383288656
7279.0,0.9507969999999999,627426.3988450377
7280.0,0.9628120000000001,635315.1427391163
7281.0,0.9689639999999999,639334.367111297
7282.0,0.959131,632806.6010538354
7283.0,0.93775,618661.0559137475
7284.0,0.9317780000000001,614682.3729966596
7285.0,0.9239149999999999,609456.754887079
7286.0,0.8865780000000001,584790.5762819404
7287.0,0.862449,568838.974808796
7288.0,0.862216,568649.2559622428
7289.0,0.873245,575886.5680276761
7290.0,0.890675,587343.9729265979
7291.0,0.9129649999999999,602004.5362573847
7292.0,0.923502,608913.8122751106
7293.0,0.9069219999999999,597943.6259909512
7294.0,0.876928,578131.3602366899
7295.0,0.86156,567963.4311938972
7296.0,0.848316,559196.8668250681
7297.0,0.787276,518927.01052414236
7298.0,0.7351340000000001,484526.9474111116
7299.0,0.7721560000000001,508895.4965176543
7300.0,0.854392,563057.6065644935
7301.0,0.914544,602659.9480673271
7302.0,0.9397620000000001,619238.0610982392
7303.0,0.9513010000000001,626801.0587663879
7304.0,0.9504549999999999,626203.2288937767
7305.0,0.9315040000000001,613677.7971559303
7306.0,0.897824,591451.0535339679
7307.0,0.871916,574346.6971745956
7308.0,0.889367,585804.0125073119
7309.0,0.9251950000000001,609363.4867909654
7310.0,0.941715,620203.8059498065
7311.0,0.933649,614851.6355675554
7312.0,0.8959860000000001,590010.3720320192
7313.0,0.8462860000000001,557246.4037644254
7314.0,0.828664,545607.4030118879
7315.0,0.831169,547220.9967738241
7316.0,0.844096,555695.4752861216
7317.0,0.8803639999999999,579533.9263609044
7318.0,0.902016,593748.2900130887
7319.0,0.882288,580724.3185558612
7320.0,0.8383219999999999,551749.5442477065
7321.0,0.831249,547058.4160691563
7322.0,0.865618,569639.7196094795
7323.0,0.870028,572504.1004084775
7324.0,0.8289559999999999,545441.5361556648
7325.0,0.7951239999999999,523146.00737196446
7326.0,0.7926880000000001,521508.78760674654
7327.0,0.803379,528507.416362094
7328.0,0.806283,530382.696185508
7329.0,0.811022,533464.6927912756
7330.0,0.8201870000000001,539457.330431646
7331.0,0.8050729999999999,529481.2923693295
7332.0,0.7582300000000001,498640.3656854464
7333.0,0.7262149999999999,477554.3039317368
7334.0,0.7029770000000001,462242.32992309233
7335.0,0.678381,446039.47078076587
7336.0,0.6998880000000001,460149.70870338555
7337.0,0.752324,494591.3061064762
7338.0,0.772853,508053.4274712824
7339.0,0.776036,510111.66328636184
7340.0,0.77028,506294.10724705097
7341.0,0.7694529999999999,505716.57000537025
7342.0,0.7999350000000001,525715.2686366595
7343.0,0.8278610000000001,544031.5543375451
7344.0,0.8388610000000001,551223.1064202762
7345.0,0.834895,548580.0180573991
7346.0,0.826908,543295.3667231888
7347.0,0.8295969999999999,545025.2638050806
7348.0,0.829375,544842.5588549491
7349.0,0.802967,527458.5947692792
7350.0,0.772328,507297.84620207164
7351.0,0.785201,515718.3854713137
7352.0,0.8209209999999999,539142.5861455769
7353.0,0.838651,550749.3745244386
7354.0,0.843514,553905.2477549177
7355.0,0.834355,547853.5353152533
7356.0,0.8087479999999999,531003.2707374245
7357.0,0.791891,519899.90042708965
7358.0,0.7705649999999999,505864.1779406054
7359.0,0.74065,486192.17535143613
7360.0,0.740578,486111.6224462054
7361.0,0.778718,511111.4872788314
7362.0,0.830936,545347.3454494304
7363.0,0.866489,568641.8934644025
7364.0,0.861247,565162.9203753625
7365.0,0.8268690000000001,542566.2292114176
7366.0,0.799496,524568.7605297338
7367.0,0.786329,515893.99318869895
7368.0,0.766741,503007.99191541004
7369.0,0.724154,475036.6551936414
7370.0,0.64095,420426.7110906513
7371.0,0.539339,353751.18577817717
7372.0,0.506578,332240.2952649796
7373.0,0.575543,377444.95567530417
7374.0,0.674754,442477.4654479928
7375.0,0.746278,489346.10934081
7376.0,0.759944,498272.44639103883
7377.0,0.704883,462138.4137590441
7378.0,0.633925,415587.65017688053
7379.0,0.617091,404523.40859851445
7380.0,0.6166229999999999,404188.38313086604
7381.0,0.573146,375663.5041157732
7382.0,0.521188,341584.18064051535
7383.0,0.562317,368514.1155230061
7384.0,0.708541,464309.36486298824
7385.0,0.811758,531910.48101344
7386.0,0.814998,533995.9918093523
7387.0,0.7929069999999999,519485.1773278763
7388.0,0.741903,486034.9052906018
7389.0,0.673593,441252.61560217425
7390.0,0.698174,457322.70575304324
7391.0,0.778799,510098.2264687965
7392.0,0.8176100000000001,535480.8314780353
7393.0,0.8102060000000001,530594.1606764608
7394.0,0.78591,514646.5586171343
7395.0,0.7462310000000001,488628.4641948639
7396.0,0.761574,498639.6085063387
7397.0,0.7968270000000001,521684.4168730206
7398.0,0.7920010000000001,518487.9671794049
7399.0,0.801756,524836.789940783
7400.0,0.8060930000000001,527638.2510772707
7401.0,0.77378,506451.2690078488
7402.0,0.7428859999999999,486195.9637061549
7403.0,0.782778,512267.4589432704
7404.0,0.8366819999999999,547504.3025809079
7405.0,0.806283,527574.1858022212
7406.0,0.769833,503687.8241247073
7407.0,0.807355,528199.9225404707
7408.0,0.852334,557586.7472376224
7409.0,0.858201,561384.5456914717
7410.0,0.824728,539449.6968627088
7411.0,0.83724,547594.3157175586
7412.0,0.8862120000000001,579582.558627129
7413.0,0.865534,566018.3406270219
7414.0,0.814448,532572.0779066503
7415.0,0.801301,523937.33696971746
7416.0,0.8223659999999999,537671.9901599059
7417.0,0.863664,564632.2198937815
7418.0,0.884925,578489.989914251
7419.0,0.856617,559943.9905840406
7420.0,0.777626,508273.138177777
7421.0,0.72523,473991.55438287964
7422.0,0.7638520000000001,499197.6024066906
7423.0,0.8340280000000001,545019.8262377656
7424.0,0.8816799999999999,576117.4496658281
7425.0,0.8900299999999999,581531.2089508548
7426.0,0.861303,562720.3921002222
7427.0,0.787159,514241.8795079515
7428.0,0.699774,457120.85341652186
7429.0,0.658047,429831.6299322667
7430.0,0.596338,389495.22542134573
7431.0,0.47046000000000004,307256.10862653493
7432.0,0.300108,195985.31592210752
7433.0,0.147703,96450.25658071916
7434.0,0.115221,75233.9375868698
7435.0,0.22654200000000002,147910.47619401306
7436.0,0.41727299999999995,272419.7016974461
7437.0,0.605124,395030.4758027958
7438.0,0.733907,479065.8575220576
7439.0,0.809204,528177.8066948346
7440.0,0.844252,551013.3676360091
7441.0,0.8519190000000001,555976.2262441078
7442.0,0.841615,549211.0113513882
7443.0,0.7959510000000001,519373.6645046157
7444.0,0.770728,502877.86853409413
7445.0,0.832557,543179.196563956
7446.0,0.901266,587962.8367707112
7447.0,0.913076,595623.089542879
7448.0,0.894968,583767.3274693241
7449.0,0.884235,576723.4759690521
7450.0,0.884589,576911.3540114254
7451.0,0.871936,568616.8891643239
7452.0,0.8285299999999999,540270.1212819236
7453.0,0.820743,535152.3499281385
7454.0,0.8854799999999999,577319.8828106562
7455.0,0.923276,601917.2440600226
7456.0,0.9024200000000001,588276.3686056559
7457.0,0.8880440000000001,578861.4112372325
7458.0,0.9043030000000001,589415.4039410678
7459.0,0.925063,602901.2546828387
7460.0,0.9146129999999999,596045.736101304
7461.0,0.850482,554210.3756937537
7462.0,0.78099,508888.08296255127
7463.0,0.768534,500734.0756720954
7464.0,0.7832180000000001,510262.84543028276
7465.0,0.740114,482144.3735369949
7466.0,0.5982069999999999,389670.15397288994
7467.0,0.387346,252296.87338059183
7468.0,0.208193,135595.73471488242
7469.0,0.193674,126129.97559837796
7470.0,0.35085,228473.33772883183
7471.0,0.5468350000000001,356071.6334449411
7472.0,0.679163,442203.4136332665
7473.0,0.753051,490274.64496820985
7474.0,0.8012600000000001,521621.4599836614
7475.0,0.85614,557305.9647536653
7476.0,0.904783,588925.3139398191
7477.0,0.922113,600159.650620322
7478.0,0.9319040000000001,606485.8267964137
7479.0,0.9479290000000001,616867.788812729
7480.0,0.9511209999999999,618897.643317027
7481.0,0.916214,596137.8939120572
7482.0,0.859562,559234.2118182853
7483.0,0.851456,553917.9329807942
7484.0,0.9004629999999999,585754.6579981648
7485.0,0.931947,606188.5491043803
7486.0,0.911351,592746.2230356598
7487.0,0.889426,578441.6030025099
7488.0,0.911402,592688.129235887
7489.0,0.9358790000000001,608558.70298853
7490.0,0.94215,612589.182539598
7491.0,0.9528989999999999,619530.3833611833
7492.0,0.962484,625713.7486718446
7493.0,0.9492860000000001,617085.9627248889
7494.0,0.911441,592438.8588478436
7495.0,0.895134,581794.1980471427
7496.0,0.9143040000000001,594207.7083473954
7497.0,0.9180809999999999,596616.091250801
7498.0,0.9050520000000001,588103.5064956561
7499.0,0.90671,589135.0857791745
7500.0,0.9056059999999999,588371.9928316004
7501.0,0.8999870000000001,584675.8115731361
7502.0,0.9271010000000001,602243.474902813
7503.0,0.9580870000000001,622323.4073582962
7504.0,0.9491780000000001,616488.4723017836
7505.0,0.909795,590863.1728753375
7506.0,0.8865040000000001,575691.9125862037
7507.0,0.9020219999999999,585723.4121813857
7508.0,0.9375040000000001,608715.8082264342
7509.0,0.9559469999999999,620642.1052619733
7510.0,0.9608780000000001,623794.6031035383
7511.0,0.95768,621669.6929272669
7512.0,0.940573,610516.8752928725
7513.0,0.937961,608773.5932049652
7514.0,0.945566,613661.2563479212
7515.0,0.9465979999999999,614282.6434822252
7516.0,0.938888,609231.3282682447
7517.0,0.925435,600454.5084525867
7518.0,0.926464,601074.7169764631
7519.0,0.926717,601191.3695777281
7520.0,0.9194399999999999,596423.3930965981
7521.0,0.930702,603681.0778002212
7522.0,0.9506950000000001,616600.310634133
7523.0,0.9567190000000001,620458.1795575456
7524.0,0.9375040000000001,607948.5170370027
7525.0,0.911861,591272.7266104339
7526.0,0.9153610000000001,593495.0683248839
7527.0,0.9323819999999999,604482.9661259133
7528.0,0.9369790000000001,607414.9736198033
7529.0,0.9323290000000001,604352.4010964964
7530.0,0.909417,589453.4615656371
7531.0,0.890804,577343.1012319105
7532.0,0.886317,574389.1697511591
7533.0,0.861425,558213.0028734326
7534.0,0.8395309999999999,543981.9644281772
7535.0,0.862859,559052.8382929665
7536.0,0.912222,590988.1838887861
7537.0,0.942486,610545.9701716483
7538.0,0.9546969999999999,618406.7161393294
7539.0,0.950456,615610.2008904931
7540.0,0.931284,603144.0625372523
7541.0,0.928423,601242.8203933085
7542.0,0.9428489999999999,610535.9306325008
7543.0,0.941321,609497.4229822744
7544.0,0.9218860000000001,596865.3429671786
7545.0,0.893609,578511.0598310089
7546.0,0.8838889999999999,572172.2929625295
7547.0,0.905032,585811.597366834
7548.0,0.9158639999999999,592775.0654273708
7549.0,0.914589,591901.981881134
7550.0,0.9249069999999999,598531.127807
7551.0,0.9453309999999999,611698.4826863272
7552.0,0.948868,613937.4205468473
7553.0,0.935794,605429.1610867125
7554.0,0.932111,602997.4281354791
7555.0,0.939227,607551.5262603733
7556.0,0.945918,611829.9482404563
7557.0,0.945779,611690.2744998912
7558.0,0.93696,605937.1781109725
7559.0,0.935893,605197.830027226
7560.0,0.9522209999999999,615706.1695253336
7561.0,0.9653950000000001,624173.5426373888
7562.0,0.950485,614483.3389743533
7563.0,0.915803,592013.2317059659
7564.0,0.903724,584157.0843601015
7565.0,0.9027459999999999,583477.1576670338
7566.0,0.87976,568573.9070113556
7567.0,0.885782,572418.8996347067
7568.0,0.9321309999999999,602321.6022502545
7569.0,0.9657379999999999,623986.4453106507
7570.0,0.963742,622645.626947627
7571.0,0.935949,604639.6668272285
7572.0,0.9249879999999999,597509.5034339163
7573.0,0.939191,606634.1880161802
7574.0,0.935851,604427.0381346967
7575.0,0.9237620000000001,596570.0637218744
7576.0,0.918425,593074.4601967366
7577.0,0.899645,580899.2710085097
7578.0,0.897533,579487.6642841038
7579.0,0.934031,603002.5423804797
7580.0,0.965282,623126.350485427
7581.0,0.976316,630197.0207374035
7582.0,0.9698620000000001,625979.1763476158
7583.0,0.9411780000000001,607415.2439639978
7584.0,0.9034409999999999,583012.2321413289
7585.0,0.9007860000000001,581250.6122041383
7586.0,0.9372530000000001,604731.4190298052
7587.0,0.9691620000000001,625267.6264857706
7588.0,0.984657,635211.5474228687
7589.0,0.989325,638169.7511898911
7590.0,0.98744,636900.7212090463
7591.0,0.982251,633500.9513705418
7592.0,0.975512,629102.1201927719
7593.0,0.972097,626847.4309516788
7594.0,0.965657,622642.5972649978
7595.0,0.952375,614027.1649337779
7596.0,0.946233,610016.1384600926
7597.0,0.9541569999999999,615073.03189208
7598.0,0.964116,621440.7373381164
7599.0,0.956852,616706.8265939739
7600.0,0.907433,584806.3607800945
7601.0,0.8171390000000001,526571.031499035
7602.0,0.783205,504661.2461242026
7603.0,0.84762,546121.3481949162
7604.0,0.9136040000000001,588585.2551603774
7605.0,0.9407129999999999,605999.0360591937
7606.0,0.9472959999999999,610188.2871295861
7607.0,0.948725,611057.1893152223
7608.0,0.9518709999999999,613031.7002441939
7609.0,0.9468770000000001,609763.8906441815
7610.0,0.945155,608603.4965487592
7611.0,0.958881,617389.6808684501
7612.0,0.972884,626352.6718692295
7613.0,0.9796450000000001,630652.0239661464
7614.0,0.981548,631823.5052334997
7615.0,0.9833850000000001,632952.2649425593
7616.0,0.985676,634372.9814866191
7617.0,0.9777809999999999,629238.3455146969
7618.0,0.9536969999999999,613687.2045349194
7619.0,0.9357549999999999,602090.6008611586
7620.0,0.9392159999999999,604266.0397965374
7621.0,0.94458,607665.3020121909
7622.0,0.9486,610199.398625389
7623.0,0.954916,614209.8284157972
7624.0,0.9608129999999999,617950.0514556823
7625.0,0.9648559999999999,620497.2901153346
7626.0,0.9635020000000001,619573.547153772
7627.0,0.955415,614320.6807728222
7628.0,0.9494809999999999,610452.9082150281
7629.0,0.953383,612909.1073515323
7630.0,0.956528,614878.2277257983
7631.0,0.941683,605283.5755576786
7632.0,0.9178129999999999,589890.0485307632
7633.0,0.914326,587598.4136552055
7634.0,0.9217,592286.4361823545
7635.0,0.9374889999999999,602380.6451590756
7636.0,0.9574389999999999,615146.4840408647
7637.0,0.962622,618423.2276943965
7638.0,0.963306,618809.2943313393
7639.0,0.967613,621522.3983685848
7640.0,0.969564,622721.8050678547
7641.0,0.9637889999999999,618959.214692496
7642.0,0.943736,606028.4887778644
7643.0,0.913158,586341.8215447364
7644.0,0.904716,580870.8925192704
7645.0,0.9288639999999999,596323.3969335746
7646.0,0.9496950000000001,609643.8805341923
7647.0,0.9542700000000001,612527.5993445297
7648.0,0.943333,605454.7865677058
7649.0,0.924559,593353.6159389626
7650.0,0.925175,593697.3349830627
7651.0,0.946248,607167.3474597709
7652.0,0.9526889999999999,611247.0572616246
7653.0,0.938097,601832.3794255778
7654.0,0.9200309999999999,590190.7659590709
7655.0,0.9247040000000001,593136.7144898967
7656.0,0.937104,601038.0391049929
7657.0,0.938507,601885.3250700481
7658.0,0.9381430000000001,601599.3063050383
7659.0,0.944067,605345.2267341998
7660.0,0.9526479999999999,610793.9981093517
7661.0,0.948257,607925.4552234677
7662.0,0.9363040000000001,600209.8183904354
7663.0,0.928457,595127.3807733661
7664.0,0.931207,596837.7220113132
7665.0,0.949291,608374.8689190432
7666.0,0.956619,613017.3264233405
7667.0,0.942517,603927.4355970517
7668.0,0.938865,601534.4595798288
7669.0,0.94619,606174.2529242439
7670.0,0.948471,607582.0482784935
7671.0,0.939104,601528.608817137
7672.0,0.906791,580779.7867476733
7673.0,0.8809870000000001,564203.0918734354
7674.0,0.884675,566514.9323943214
7675.0,0.900324,576485.0567992063
7676.0,0.913408,584811.1351139591
7677.0,0.9021239999999999,577535.4265467728
7678.0,0.891379,570606.0029314867
7679.0,0.914206,585166.5947729007
7680.0,0.9278219999999999,593829.2972332143
7681.0,0.9159579999999999,586184.0337566108
7682.0,0.9087569999999999,581523.9960206443
7683.0,0.907542,580694.9176485649
7684.0,0.91095,582823.7337319648
7685.0,0.9148440000000001,585263.0474497721
7686.0,0.8921530000000001,570695.8931638445
7687.0,0.8651639999999999,553382.1789724318
7688.0,0.870189,556546.7047294404
7689.0,0.8913049999999999,570001.032068971
7690.0,0.9138129999999999,584343.0448771134
7691.0,0.915258,585214.8042649464
7692.0,0.904324,578171.9602598666
7693.0,0.912907,583607.2522303213
7694.0,0.911538,582679.9445951093
7695.0,0.8961950000000001,572821.0029146536
7696.0,0.9075719999999999,580040.8836584687
7697.0,0.911761,582665.9021216364
7698.0,0.880017,562329.289509948
7699.0,0.866966,553940.010803281
7700.0,0.8814379999999999,563136.1928837891
7701.0,0.8789459999999999,561493.6407723944
7702.0,0.8820180000000001,563405.4564836258
7703.0,0.902209,576250.9889306099
7704.0,0.9016719999999999,575856.1584708373
7705.0,0.882508,563566.2310719865
7706.0,0.8748319999999999,558614.0135790642
7707.0,0.8889889999999999,567602.6092808894
7708.0,0.921012,587995.6192583122
7709.0,0.927416,592030.6173519155
7710.0,0.901825,575642.1814966402
7711.0,0.879102,561087.1730420352
7712.0,0.8755059999999999,558741.4714294522
7713.0,0.886131,565471.0741521646
7714.0,0.892214,569301.2758564019
7715.0,0.863142,550701.1814015434
7716.0,0.8271229999999999,527672.5066754177
7717.0,0.8306049999999999,529845.8006993817
7718.0,0.8555459999999999,545706.1934321154
7719.0,0.8914639999999999,568564.664217126
7720.0,0.932142,594454.5364151415
7721.0,0.937357,597725.9145524928
7722.0,0.905747,577516.5408175219
7723.0,0.8691129999999999,554107.7317081033
7724.0,0.857776,546829.9229160141
7725.0,0.860883,548760.5779843718
7726.0,0.839319,534966.0180413905
7727.0,0.82891,528283.2783941369
7728.0,0.872144,555786.511448197
7729.0,0.897459,571866.5813956119
7730.0,0.8738049999999999,556743.1701294583
7731.0,0.857295,546173.8599979102
7732.0,0.863274,549932.649566942
7733.0,0.8771049999999999,558692.2275717675
7734.0,0.9021170000000001,574571.5064215498
7735.0,0.884576,563347.6946125093
7736.0,0.8051119999999999,512693.4820799198
7737.0,0.77266,491982.92410837486
7738.0,0.823623,524384.860590958
7739.0,0.887393,564934.0252494483
7740.0,0.9200379999999999,585662.6528421582
7741.0,0.9030799999999999,574814.8729015692
7742.0,0.8257629999999999,525553.7933768677
7743.0,0.778552,495460.84567947977
7744.0,0.8348610000000001,531246.1846742481
7745.0,0.9046129999999999,575578.2658643353
7746.0,0.9018079999999999,573740.5336309929
7747.0,0.83936,533961.0544037278
7748.0,0.7713409999999999,490645.2169162612
7749.0,0.739855,470573.62514141505
7750.0,0.7749199999999999,492830.56070639944
7751.0,0.8496229999999999,540289.8265046383
7752.0,0.88931,565475.0526974624
7753.0,0.855794,544113.1624693425
7754.0,0.7935409999999999,504485.934191516
7755.0,0.765696,486738.54894488753
7756.0,0.8167939999999999,519172.3478112154
7757.0,0.89084,566184.9865633084
7758.0,0.886042,563083.1746576843
7759.0,0.846348,537807.4230896739
7760.0,0.827572,525827.3396987614
7761.0,0.8035220000000001,510498.74344937806
7762.0,0.809326,514138.2383852141
7763.0,0.8457520000000001,537228.3585934542
7764.0,0.852324,541352.4089733241
7765.0,0.866139,550075.6068624394
7766.0,0.8756149999999999,556041.7452756993
7767.0,0.8267959999999999,524991.1241133863
7768.0,0.7942640000000001,504287.07612289453
7769.0,0.805303,511247.99578848353
7770.0,0.793363,503620.6883999663
7771.0,0.7756149999999999,492308.2506403055
7772.0,0.779438,494688.4392821022
7773.0,0.758124,481115.8660457175
7774.0,0.703654,446506.534303073
7775.0,0.706773,448443.5781588939
7776.0,0.7807810000000001,495354.68241326365
7777.0,0.851187,539971.9153259931
7778.0,0.859241,545029.8802961496
7779.0,0.780759,495200.9014905884
7780.0,0.6911430000000001,438320.13868581655
7781.0,0.712332,451715.53405588213
7782.0,0.788464,499946.43625620357
7783.0,0.8313299999999999,527077.011109693
7784.0,0.809042,512897.6147411002
7785.0,0.721638,457444.0388071912
7786.0,0.672035,425960.58381225175
7787.0,0.722673,458013.49139817304
7788.0,0.771255,488757.3832984532
7789.0,0.7431399999999999,470895.8359437558
7790.0,0.706329,447527.88377129706
7791.0,0.706719,447732.5375122926
7792.0,0.7464,472827.0601705344
7793.0,0.786215,498001.669386597
7794.0,0.778546,493097.1679368847
7795.0,0.747904,473644.85101508634
7796.0,0.704978,446417.5294382364
7797.0,0.638792,404467.68708183663
7798.0,0.594801,376577.80309872096
7799.0,0.5425949999999999,343492.65612108196
7800.0,0.498511,315554.97588756925
7801.0,0.513271,324867.00849040307
7802.0,0.526474,333191.8596687049
7803.0,0.5074770000000001,321138.49431511835
7804.0,0.499671,316168.5542231678
7805.0,0.514787,325702.13287731813
7806.0,0.533062,337232.3551740273
7807.0,0.50805,321378.20705115824
7808.0,0.443328,280410.0423814202
7809.0,0.405592,256517.02371646967
7810.0,0.39395,249130.15856296802
7811.0,0.393884,249064.5420822491
7812.0,0.43343100000000007,274044.9955924726
7813.0,0.533295,337153.5496692616
7814.0,0.661481,418153.6524302955
7815.0,0.79159,500353.67309869576
7816.0,0.9047729999999999,571840.1897985652
7817.0,0.9555879999999999,603898.5089408172
7818.0,0.9579200000000001,605313.9947517188
7819.0,0.9524729999999999,601814.0584816587
7820.0,0.934031,590104.7413208361
7821.0,0.8997149999999999,568369.690464306
7822.0,0.829775,524136.5041750573
7823.0,0.695759,439441.41505176923
7824.0,0.624685,394512.9797925294
7825.0,0.676484,427184.8008295945
7826.0,0.77094,486784.6375666416
7827.0,0.8539709999999999,539159.6786693479
7828.0,0.890351,562074.0172722765
7829.0,0.891692,562866.0864248904
7830.0,0.890716,562195.5405180462
7831.0,0.905422,571422.1794199535
7832.0,0.916909,578615.6435504827
7833.0,0.9065110000000001,571998.4820573195
7834.0,0.894904,564619.7779414713
7835.0,0.9039860000000001,570294.4685757259
7836.0,0.904025,570263.6503236163
7837.0,0.8556870000000001,539719.3079984019
7838.0,0.7971699999999999,502761.1563655873
7839.0,0.751351,473817.79276962957
7840.0,0.707548,446151.2439103006
7841.0,0.725086,457165.4502719115
7842.0,0.797269,502627.69940284867
7843.0,0.831089,523897.9645257621
7844.0,0.847864,534420.3490109154
7845.0,0.888749,560136.027361576
7846.0,0.904175,569802.6246500557
7847.0,0.884962,557640.2578714808
7848.0,0.880141,554548.1653678174
7849.0,0.907553,571763.6195490031
7850.0,0.8998879999999999,566879.1202521314
7851.0,0.8334440000000001,524971.6866965012
7852.0,0.777516,489695.6267658576
7853.0,0.7918890000000001,498699.1321982732
7854.0,0.820592,516724.40038776264
7855.0,0.806465,507778.82002253213
7856.0,0.798706,502844.0889133917
7857.0,0.829994,522490.8352910229
7858.0,0.840507,529056.870432597
7859.0,0.811959,511037.06610792066
7860.0,0.815986,513521.06531829986
7861.0,0.8590190000000001,540549.6101756567
7862.0,0.8567229999999999,539051.7066823727
7863.0,0.816634,513776.9835648965
7864.0,0.830525,522464.83212678746
7865.0,0.872541,548842.001811219
7866.0,0.8544200000000001,537390.5478187606
7867.0,0.8197450000000001,515530.65299525426
7868.0,0.839144,527678.3637106037
7869.0,0.8547790000000001,537456.9611143187
7870.0,0.8270379999999999,519962.8856005587
7871.0,0.810041,509226.37798945373
7872.0,0.8178,514053.10325958
7873.0,0.813135,511070.13117203146
7874.0,0.777582,488675.9742808312
7875.0,0.75236,472778.1623726247
7876.0,0.7748729999999999,486876.86487479316
7877.0,0.814538,511748.80531163345
7878.0,0.841424,528587.925338929
7879.0,0.85514,537151.0112997692
7880.0,0.852617,535512.9470014957
7881.0,0.8506389999999999,534217.4464221112
7882.0,0.8336030000000001,523466.4026658658
7883.0,0.798892,501619.4426613157
7884.0,0.79424,498648.78793600923
7885.0,0.808401,507488.9091928966
7886.0,0.825932,518442.60651200963
7887.0,0.839983,527209.887402785
7888.0,0.8552059999999999,536710.9109266867
7889.0,0.8548520000000001,536435.153946403
7890.0,0.8411420000000001,527779.1247605148
7891.0,0.841665,528054.4745700089
7892.0,0.8522,534610.5646288862
7893.0,0.849159,532649.531679535
7894.0,0.824305,517007.6515470984
7895.0,0.809647,507763.2082690836
7896.0,0.8313200000000001,521302.97981972713
7897.0,0.864295,541926.5361348154
7898.0,0.872936,547289.6528962641
7899.0,0.855771,536474.1409890789
7900.0,0.8462139999999999,530429.6677172399
7901.0,0.8774790000000001,549972.1316641405
7902.0,0.9135139999999999,572499.996690683
7903.0,0.9113899999999999,571111.4241760384
7904.0,0.884591,554262.3653077822
7905.0,0.8777459999999999,549918.0785955614
7906.0,0.9002879999999999,563984.0762908723
7907.0,0.915393,573388.7772454259
7908.0,0.914997,573082.9270545853
7909.0,0.9143319999999999,572608.6404587002
7910.0,0.9247709999999999,579087.6930814247
7911.0,0.942362,590043.5023937859
7912.0,0.954332,597477.927469715
7913.0,0.9499129999999999,594651.2021714264
7914.0,0.921849,577024.5990898561
7915.0,0.8858940000000001,554462.7144107708
7916.0,0.879733,550550.9236309672
7917.0,0.8881620000000001,555769.6216016477
7918.0,0.9022209999999999,564509.8584864574
7919.0,0.9373049999999999,586402.0693248662
7920.0,0.9616709999999999,601585.0288502554
7921.0,0.9553200000000001,597551.4273541573
7922.0,0.945242,591187.6120970538
7923.0,0.9546180000000001,596991.0342640047
7924.0,0.964791,603291.6118363689
7925.0,0.957493,598667.2257013323
7926.0,0.9403870000000001,587911.9704731557
7927.0,0.9252459999999999,578387.224493834
7928.0,0.935992,585045.1453513672
7929.0,0.955343,597079.712863559
7930.0,0.957032,598074.3457285084
7931.0,0.96193,601073.9236417804
7932.0,0.973276,608101.5555866845
7933.0,0.972527,607571.548303136
7934.0,0.953801,595811.9010326166
7935.0,0.933801,583258.8713160533
7936.0,0.944457,589854.3749942833
7937.0,0.97236,607218.8927289817
7938.0,0.985165,615152.394618773
7939.0,0.9819399999999999,613075.8785772098
7940.0,0.972097,606868.2152490192
7941.0,0.954831,596028.1750117283
7942.0,0.930942,581056.5116569905
7943.0,0.9108649999999999,568466.9373076763
7944.0,0.9129450000000001,569706.5819917745
7945.0,0.94453,589356.1019040818
7946.0,0.968406,604191.8789613817
7947.0,0.965691,602436.0590094903
7948.0,0.959709,598642.690651734
7949.0,0.9573729999999999,597124.1175115309
7950.0,0.948001,591217.8421893447
7951.0,0.9509129999999999,592972.8369362288
7952.0,0.96734,603154.2861879864
7953.0,0.9703219999999999,604951.2607450418
7954.0,0.9543889999999999,594956.4100833794
7955.0,0.943299,587982.3513929895
7956.0,0.954701,595028.0879630233
7957.0,0.969167,603981.8097452113
7958.0,0.969657,604224.7471167222
7959.0,0.961418,599028.837557056
7960.0,0.9556629999999999,595381.5078614306
7961.0,0.9437200000000001,587880.1498822207
7962.0,0.940077,585550.1694960599
7963.0,0.953849,594066.8763930153
7964.0,0.9578840000000001,596518.1095025863
7965.0,0.9579200000000001,596478.6976234982
7966.0,0.959842,597613.5135375219
7967.0,0.9508340000000001,591943.5659372819
7968.0,0.9288930000000001,578224.1313607078
7969.0,0.9217799999999999,573736.7949649581
7970.0,0.9386180000000001,584156.4541749108
7971.0,0.955149,594382.8695381894
7972.0,0.9704139999999999,603819.3822407471
7973.0,0.979867,609637.8798983559
7974.0,0.981883,610828.5794451203
7975.0,0.978017,608360.1889858614
7976.0,0.974292,605979.9746175191
7977.0,0.979923,609418.7614185849
7978.0,0.987749,614221.7340231768
7979.0,0.989907,615499.4478829158
7980.0,0.98505,612415.5624042482
7981.0,0.967094,601189.3541826825
7982.0,0.9468049999999999,588515.3087357203
7983.0,0.9555610000000001,593895.7893381648
7984.0,0.9776469999999999,607559.0430388045
7985.0,0.987132,613389.3270003968
7986.0,0.986967,613222.6142799084
7987.0,0.9830840000000001,610746.0735886745
7988.0,0.9756049999999999,606036.216034024
7989.0,0.9645950000000001,599134.117334017
7990.0,0.9624280000000001,597725.4634058012
7991.0,0.972167,603710.6337972612
7992.0,0.979447,608167.6471096218
7993.0,0.975268,605509.2038141821
7994.0,0.9623959999999999,597454.6758949813
7995.0,0.959096,595343.4709734819
7996.0,0.967024,600201.5433751238
7997.0,0.974666,604881.0664838931
7998.0,0.981267,608913.5895314653
7999.0,0.981358,608905.9502741065
8000.0,0.964505,598386.0931547399
8001.0,0.9412940000000001,583924.2824381408
8002.0,0.950008,589267.8191773446
8003.0,0.977815,606451.8886745757
8004.0,0.9910459999999999,614593.0519312866
8005.0,0.992029,615137.7166801475
8006.0,0.988569,612927.5044104118
8007.0,0.982691,609218.6857120204
8008.0,0.9775010000000001,605937.0954529742
8009.0,0.9819450000000001,608627.4933850707
8010.0,0.989293,613117.0487781673
8011.0,0.9887370000000001,612707.6112177616
8012.0,0.9856600000000001,610736.158831408
8013.0,0.984342,609854.8873266383
8014.0,0.980498,607408.9347943759
8015.0,0.974767,603794.6113755686
8016.0,0.976317,604690.5712090895
8017.0,0.977817,605555.3411727913
8018.0,0.9741280000000001,603206.7215862519
8019.0,0.975267,603847.8779876882
8020.0,0.9772120000000001,604987.8543641713
8021.0,0.9727100000000001,602136.666969606
8022.0,0.9580850000000001,593020.2767852879
8023.0,0.9539040000000001,590369.5655396427
8024.0,0.965648,597574.290577105
8025.0,0.9733870000000001,602299.2869985955
8026.0,0.9765799999999999,604210.6291066095
8027.0,0.968274,599007.8490441788
8028.0,0.949825,587532.0014222723
8029.0,0.9445180000000001,584186.930063781
8030.0,0.955521,590929.2410980249
8031.0,0.960931,594211.531507055
8032.0,0.953548,589583.1157845162
8033.0,0.923781,571117.0037975584
8034.0,0.9027290000000001,558042.1789529697
8035.0,0.9219459999999999,569860.6410785761
8036.0,0.953767,589466.3200708714
8037.0,0.9790399999999999,605021.2747826504
8038.0,0.9907790000000001,612210.0991996097
8039.0,0.9913649999999999,612506.5606473136
8040.0,0.987101,609806.7125696767
8041.0,0.9815940000000001,606339.5957541643
8042.0,0.9820409999999999,606550.6334357918
8043.0,0.9840399999999999,607720.0697656465
8044.0,0.977793,603797.2302615762
8045.0,0.973583,601132.9318759316
8046.0,0.980136,605114.0064388869
8047.0,0.9835219999999999,607139.1657680533
8048.0,0.9616469999999999,593571.633161622
8049.0,0.917258,566111.8308186022
8050.0,0.911062,562227.2637862214
8051.0,0.9502510000000001,586348.1113166589
8052.0,0.967724,597065.412406721
8053.0,0.9515100000000001,586998.4372214596
8054.0,0.933066,575558.0322634161
8055.0,0.9405319999999999,580100.8177245209
8056.0,0.959736,591881.5655632119
8057.0,0.977728,602912.3608897217
8058.0,0.9858049999999999,607827.3515698016
8059.0,0.986841,608400.3769163231
8060.0,0.988504,609359.7554473038
8061.0,0.988722,609428.2228669182
8062.0,0.978693,603181.2806188808
8063.0,0.954992,588510.3357393331
8064.0,0.946908,583465.4108397379
8065.0,0.968774,596874.1256806776
8066.0,0.9881409999999999,608740.401510141
8067.0,0.993975,612268.0221823462
8068.0,0.993851,612125.2362071084
8069.0,0.990933,610261.7734989561
8070.0,0.97588,600926.2048137715
8071.0,0.944468,581520.1979137717
8072.0,0.932826,574289.675612145
8073.0,0.960584,591314.4689378175
8074.0,0.98611,606961.7059751548
8075.0,0.9904440000000001,609563.0114392001
8076.0,0.9873370000000001,607584.6942161312
8077.0,0.987768,607783.7405741204
8078.0,0.990425,609352.2402947134
8079.0,0.9888600000000001,608323.0898422885
8080.0,0.9841780000000001,605376.8340319204
8081.0,0.982771,604445.4487847687
8082.0,0.9788979999999999,601997.7041980543
8083.0,0.9647389999999999,593225.5181093778
8084.0,0.959958,590221.1889976083
8085.0,0.974354,599006.9934320725
8086.0,0.986574,606453.2431501978
8087.0,0.990194,608611.9345268311
8088.0,0.986215,606099.9876725062
8089.0,0.9742370000000001,598673.1335261208
8090.0,0.9665600000000001,593890.5659278451
8091.0,0.973267,597946.1108191191
8092.0,0.9779479999999999,600756.1560300491
8093.0,0.9803940000000001,602192.7351777031
8094.0,0.9874450000000001,606457.2092886469
8095.0,0.9927379999999999,609641.1246774695
8096.0,0.994691,610773.4355943216
8097.0,0.994967,610875.8424960781
8098.0,0.9948600000000001,610743.0691766104
8099.0,0.994187,610262.862054317
8100.0,0.990767,608096.7173120897
8101.0,0.985218,604624.4553578289
8102.0,0.9769700000000001,599496.7392701681
8103.0,0.97305,597025.6098705836
8104.0,0.9821049999999999,602515.0692776861
8105.0,0.9911260000000001,607982.429330184
8106.0,0.993426,609326.1688747586
8107.0,0.993417,609253.4894382197
8108.0,0.9940329999999999,609564.056087475
8109.0,0.994771,609949.324791318
8110.0,0.9939290000000001,609365.7952493617
8111.0,0.9919129999999999,608062.6744483492
8112.0,0.99155,607773.0175319598
8113.0,0.992134,608063.7921791627
8114.0,0.993085,608579.3721197302
8115.0,0.9925299999999999,608172.0034111555
8116.0,0.9896879999999999,606363.4880366286
8117.0,0.989441,606145.0711139772
8118.0,0.990023,606434.4689035519
8119.0,0.9894139999999999,605994.3071684869
8120.0,0.990274,606453.8393320385
8121.0,0.9926510000000001,607842.1587424225
8122.0,0.9948819999999999,609140.744103151
8123.0,0.995806,609638.8533625155
8124.0,0.995317,609271.866111671
8125.0,0.993301,607970.2943423035
8126.0,0.9917440000000001,606949.8866242643
8127.0,0.990094,605872.7615786776
8128.0,0.9812930000000001,600420.3840300736
8129.0,0.969455,593111.1527957106
8130.0,0.974231,595966.8042314551
8131.0,0.9883129999999999,604513.9173015414
8132.0,0.992699,607129.0754332428
8133.0,0.991192,606139.8932103324
8134.0,0.991268,606118.8355128603
8135.0,0.9909889999999999,605880.7051141782
8136.0,0.988965,604575.8373666224
8137.0,0.9890690000000001,604571.9744062381
8138.0,0.9916860000000001,606103.9873252165
8139.0,0.9941540000000001,607544.5679255587
8140.0,0.995813,608490.4543019151
8141.0,0.9969950000000001,609144.657586103
8142.0,0.99695,609049.0911368338
8143.0,0.996401,608645.6465870341
8144.0,0.995237,607866.6311514392
8145.0,0.9903790000000001,604831.8028241507
8146.0,0.983965,600847.4655322685
8147.0,0.984066,600841.8547707236
8148.0,0.9886729999999999,603587.1350623597
8149.0,0.9924879999999999,605848.3029191752
8150.0,0.9932469999999999,606243.6533163829
8151.0,0.989273,603750.3455391427
8152.0,0.9853799999999999,601306.991909627
8153.0,0.9854069999999999,601255.9804480189
8154.0,0.9834729999999999,600008.5574198604
8155.0,0.980851,598341.6852748228
8156.0,0.978626,596917.3062199047
8157.0,0.9779690000000001,596449.5151702822
8158.0,0.985558,601010.3498139034
8159.0,0.994165,606190.8493772922
8160.0,0.997246,608001.0572255903
8161.0,0.99677,607642.4357492987
8162.0,0.9947530000000001,606344.5557460687
8163.0,0.9937469999999999,605663.1127804278
8164.0,0.9949020000000001,606298.7149319084
8165.0,0.9951840000000001,606402.1891241234
8166.0,0.990936,603745.6221372393
8167.0,0.9836959999999999,599266.8967289224
8168.0,0.9816860000000001,597974.9014989564
8169.0,0.983978,599303.3483828316
8170.0,0.983986,599240.5221041985
8171.0,0.9871530000000001,601101.2680714189
8172.0,0.992358,604202.4071710976
8173.0,0.99384,605036.2996841267
8174.0,0.9940620000000001,605102.985923637
8175.0,0.9944870000000001,605293.179230452
8176.0,0.994818,605426.0894641674
8177.0,0.994453,605135.4125476648
8178.0,0.992706,604003.9013177064
8179.0,0.990864,602814.8176795284
8180.0,0.9898889999999999,602153.3697920355
8181.0,0.987052,600359.5051825293
8182.0,0.98469,598854.893199207
8183.0,0.988505,601106.8040383661
8184.0,0.993194,603889.5866666802
8185.0,0.994857,604832.020661821
8186.0,0.9953489999999999,605062.3683138702
8187.0,0.9956379999999999,605169.2426286754
8188.0,0.9962469999999999,605470.5396985027
8189.0,0.996353,605466.0706308682
8190.0,0.994907,604518.5536093112
8191.0,0.9930620000000001,603328.8089190482
8192.0,0.9934280000000001,603482.4285923784
8193.0,0.994922,604321.1334561858
8194.0,0.995434,604563.2096261512
8195.0,0.995556,604568.3631526361
8196.0,0.995133,604242.5594161676
8197.0,0.993876,603410.4515750654
8198.0,0.992597,602565.145142528
8199.0,0.9929540000000001,602713.0340117795
8200.0,0.994449,603551.5315332147
8201.0,0.9930329999999999,602623.2604544024
8202.0,0.985553,598015.6434680363
8203.0,0.979316,594163.1907407894
8204.0,0.984192,597053.210508946
8205.0,0.990934,601074.4025046461
8206.0,0.9910450000000001,601072.9119396346
8207.0,0.986592,598303.620761233
8208.0,0.9819709999999999,595433.0617719977
8209.0,0.9819950000000001,595379.3715813176
8210.0,0.987275,598511.9860259959
8211.0,0.992291,601483.8238912284
8212.0,0.994006,602454.2533630892
8213.0,0.991669,600968.8438906063
8214.0,0.9870459999999999,598098.5453899136
8215.0,0.986661,597796.5859741439
8216.0,0.991303,600540.0639490427
8217.0,0.9947969999999999,602587.4899783488
8218.0,0.9954700000000001,602925.8186420174
8219.0,0.995174,602677.2102645934
8220.0,0.995276,602669.6271213391
8221.0,0.9947799999999999,602299.947418383
8222.0,0.9936969999999999,601574.9555446267
8223.0,0.994425,601946.3341055698
8224.0,0.996042,602855.6625684821
8225.0,0.9967219999999999,603197.6934663455
8226.0,0.996067,602731.7884530694
8227.0,0.994553,601746.2270156036
8228.0,0.9937879999999999,601213.984224236
8229.0,0.9942549999999999,601427.0710351334
8230.0,0.993757,601056.4125905966
8231.0,0.991139,599403.7104630452
8232.0,0.9893639999999999,598261.1134261639
8233.0,0.9884780000000001,597656.2574930266
8234.0,0.9888,597781.8086406183
8235.0,0.9895510000000001,598166.621333142
8236.0,0.986152,596042.998836554
8237.0,0.98503,595295.9243337065
8238.0,0.9907090000000001,598658.6507624995
8239.0,0.9950180000000001,601192.8076312703
8240.0,0.9951760000000001,601218.5887962813
8241.0,0.9942850000000001,600610.6693202658
8242.0,0.994612,600738.5214338624
8243.0,0.9959629999999999,601484.728149882
8244.0,0.9968870000000001,601972.8839322134
8245.0,0.9970709999999999,602014.0945932044
8246.0,0.997259,602057.6778414814
8247.0,0.9978459999999999,602342.0715638585
8248.0,0.9980600000000001,602401.2340894849
8249.0,0.9975510000000001,602024.0182331988
8250.0,0.99702,601633.5819378468
8251.0,0.996617,601320.4341250479
8252.0,0.9958450000000001,600784.7120594357
8253.0,0.9937959999999999,599478.7687264541
8254.0,0.9919100000000001,598271.4106170614
8255.0,0.993502,599161.8157936683
8256.0,0.9955780000000001,600343.8380405239
8257.0,0.996287,600701.3331942799
8258.0,0.996849,600970.090618049
8259.0,0.9971479999999999,601080.2165856783
8260.0,0.996368,600539.9396911016
8261.0,0.992751,598290.0137425782
8262.0,0.985516,593860.4163478906
8263.0,0.9784790000000001,589551.1201338108
8264.0,0.977519,588903.872467082
8265.0,0.9842489999999999,592889.0239143594
8266.0,0.9915280000000001,597203.8777940567
8267.0,0.9951610000000001,599321.9370713978
8268.0,0.996526,600073.7566101435
8269.0,0.997078,600335.8643930127
8270.0,0.996935,600179.4712613763
8271.0,0.994658,598738.512232874
8272.0,0.99064,596249.9792017408
8273.0,0.9894780000000001,595480.7754217462
8274.0,0.9924959999999999,597227.0034763209
8275.0,0.993783,597931.2957132214
8276.0,0.994091,598046.4228288217
8277.0,0.996058,599159.4300887949
8278.0,0.99549,598747.4425871526
8279.0,0.9890760000000001,594819.7973441177
8280.0,0.9837899999999999,591571.3304475144
8281.0,0.987925,593987.9528802022
8282.0,0.991532,596086.5535413721
8283.0,0.9890610000000001,594531.1025977749
8284.0,0.98949,594718.9897122368
8285.0,0.9931540000000001,596850.922845124
8286.0,0.993174,596792.662893566
8287.0,0.992244,596163.6022027795
8288.0,0.992186,596058.5141500651
8289.0,0.990816,595165.3241033978
8290.0,0.99174,595650.1147060125
8291.0,0.9946010000000001,597298.0056265625
8292.0,0.995183,597577.0058279231
8293.0,0.99498,597384.5952469186
8294.0,0.995392,597561.3996094408
8295.0,0.995784,597726.1250594698
8296.0,0.99549,597479.0520515431
8297.0,0.9927940000000001,595790.5293012932
8298.0,0.987957,592817.6795823094
8299.0,0.987807,592657.5747975106
8300.0,0.992873,595626.5653519587
8301.0,0.996242,597576.9081488916
8302.0,0.99659,597714.8821612751
8303.0,0.993134,595571.5744344397
8304.0,0.983167,589524.6297558123
8305.0,0.9748370000000001,584460.5447266358
8306.0,0.980317,587676.3906138126
8307.0,0.9900459999999999,593438.3135628453
8308.0,0.994833,596236.9310978745
8309.0,0.9956809999999999,596674.35751998
8310.0,0.9943420000000001,595801.216592129
8311.0,0.9934719999999999,595209.2385913221
8312.0,0.994172,595557.8765735268
8313.0,0.994484,595673.9965167854
8314.0,0.9930760000000001,594759.9374622987
8315.0,0.992489,594337.7080031523
8316.0,0.994358,595386.1125039785
8317.0,0.995764,596157.040972471
8318.0,0.995769,596089.0850144404
8319.0,0.99534,595761.3425372328
8320.0,0.995168,595587.4555708716
8321.0,0.9945350000000001,595137.7122342174
8322.0,0.9902049999999999,592475.9936120543
8323.0,0.9820530000000001,587528.3076499782
8324.0,0.9793729999999999,585855.0879199854
8325.0,0.985516,589459.4725493111
8326.0,0.99182,593159.2521321183
8327.0,0.9945639999999999,594729.3086285659
8328.0,0.994258,594475.3376727204
8329.0,0.99339,593885.4113419182
8330.0,0.993506,593883.7958499794
8331.0,0.992893,593446.4301176323
8332.0,0.99193,592799.9694745617
8333.0,0.991808,592656.1726284154
8334.0,0.9922120000000001,592826.653135546
8335.0,0.992497,592925.9698235248
8336.0,0.9930979999999999,593213.9897385491
8337.0,0.994133,593761.1223808717
8338.0,0.9935940000000001,593368.1095783695
8339.0,0.990756,591602.3756361031
8340.0,0.9883959999999999,590122.4237581084
8341.0,0.9883719999999999,590037.3384315918
8342.0,0.9893629999999999,590558.1033007462
8343.0,0.990072,590910.4042928182
8344.0,0.991858,591905.3044773375
8345.0,0.993074,592559.819788408
8346.0,0.9919370000000001,591810.2977308447
8347.0,0.9902290000000001,590720.2948587203
8348.0,0.98811,589385.3704430801
8349.0,0.9874290000000001,588908.3672834758
8350.0,0.989756,590225.2205862249
8351.0,0.9904270000000001,590554.3155627169
8352.0,0.989274,589795.848549981
8353.0,0.9883780000000001,589190.7354945375
8354.0,0.9844950000000001,586805.3444846134
8355.0,0.9798040000000001,583938.9489800767
8356.0,0.9805280000000001,584300.03046436
8357.0,0.9819260000000001,585062.584658762
8358.0,0.9739899999999999,580264.1020836656
8359.0,0.939599,559707.8207733178
8360.0,0.8536370000000001,508439.9499406761
8361.0,0.7625649999999999,454141.19158342585
8362.0,0.793705,472629.38197768043
8363.0,0.902192,537165.5222650587
8364.0,0.9625540000000001,573035.8620488297
8365.0,0.976719,581398.4362939633
8366.0,0.980352,583490.4741261314
8367.0,0.985016,586195.5367370232
8368.0,0.9891,588554.790766271
8369.0,0.98965,588810.8236053493
8370.0,0.979241,582547.2900510215
8371.0,0.959144,570522.5798922214
8372.0,0.955145,568075.0804132286
8373.0,0.9731280000000001,578700.4144552266
8374.0,0.987181,586986.3319963847
8375.0,0.989778,588459.199894848
8376.0,0.988318,587519.9374990533
8377.0,0.9840709999999999,584924.3005064992
8378.0,0.97908,581887.0882042192
8379.0,0.98344,584407.3967979436
8380.0,0.991409,589071.4442363146
8381.0,0.9920959999999999,589408.0640502152
8382.0,0.987677,586711.4453818271
8383.0,0.981092,582728.9348168803
8384.0,0.978879,581343.8370190115
8385.0,0.98493,584866.333729896
8386.0,0.9901909999999999,587918.8863394788
8387.0,0.9921479999999999,589009.1777201465
8388.0,0.991405,588496.4572182982
8389.0,0.98395,584000.0830346065
8390.0,0.96445,572356.6207813487
8391.0,0.94711,561997.668727691
8392.0,0.960174,569680.1877607644
8393.0,0.9853049999999999,584519.3958263452
8394.0,0.996057,590825.8408289807
8395.0,0.997915,591855.7537690158
8396.0,0.998233,591972.1337924547
8397.0,0.997883,591692.3655075999
8398.0,0.9952700000000001,590070.957930679
8399.0,0.987554,585424.842416351
8400.0,0.980778,581336.9977108218
8401.0,0.984691,583585.0432056781
8402.0,0.9882639999999999,585631.0298125956
8403.0,0.984928,583582.8122706036
8404.0,0.9859,584087.2997609107
8405.0,0.991966,587609.157271064
8406.0,0.995559,589665.375074458
8407.0,0.9957729999999999,589719.9365252586
8408.0,0.994766,589051.4378589711
8409.0,0.992547,587665.4734408995
8410.0,0.9889870000000001,585485.9383343332
8411.0,0.987728,584668.9450355683
8412.0,0.9907819999999999,586404.8163131664
8413.0,0.9938959999999999,588175.738777344
8414.0,0.995416,589003.0019498359
8415.0,0.9970549999999999,589900.4370637761
8416.0,0.9976219999999999,590163.4580348063
8417.0,0.993417,587603.7573170039
8418.0,0.97919,579117.3938358615
8419.0,0.959145,567192.5971711492
8420.0,0.947399,560177.7307233062
8421.0,0.955382,564828.4813065979
8422.0,0.9712059999999999,574113.1429572379
8423.0,0.9650110000000001,570380.9070162283
8424.0,0.954627,564173.9073728529
8425.0,0.9702959999999999,573363.5434337121
8426.0,0.98972,584769.504670501
8427.0,0.995927,588364.4119589573
8428.0,0.996711,588755.0489212483
8429.0,0.9971190000000001,588923.4841394287
8430.0,0.996708,588608.1850512738
8431.0,0.995201,587645.7677259637
8432.0,0.987296,582906.1355006183
8433.0,0.9609340000000001,567271.8506609619
8434.0,0.9379940000000001,553661.2670666414
8435.0,0.9557469999999999,564070.5397947684
8436.0,0.9825379999999999,579810.6753593558
8437.0,0.9891059999999999,583614.4667243077
8438.0,0.9817450000000001,579199.6032094166
8439.0,0.97236,573591.8499779252
8440.0,0.9754360000000001,575335.2460048049
8441.0,0.9871969999999999,582200.1665234559
8442.0,0.9946360000000001,586514.7717493552
8443.0,0.9970209999999999,587848.4164396249
8444.0,0.99777,588217.226632056
8445.0,0.9974799999999999,587973.4674039148
8446.0,0.996402,587265.3021247531
8447.0,0.9966969999999999,587366.4086017581
8448.0,0.9979299999999999,588020.1667885956
8449.0,0.998028,588005.0282812167
8450.0,0.997469,587602.8286043558
8451.0,0.997776,587710.7903970422
8452.0,0.998499,588063.6974086467
8453.0,0.9987739999999999,588152.6707662845
8454.0,0.998632,587996.0615425006
8455.0,0.99479,585661.1657248178
8456.0,0.97509,573991.9234217888
8457.0,0.942406,554683.3989078919
8458.0,0.9423590000000001,554586.8138123065
8459.0,0.974506,573434.3300845793
8460.0,0.994073,584875.5277191452
8461.0,0.998187,587223.0111816096
8462.0,0.9985649999999999,587372.3040920487
8463.0,0.998849,587466.2442437619
8464.0,0.9983200000000001,587082.0299665768
8465.0,0.9959879999999999,585637.7230583881
8466.0,0.9945219999999999,584702.8875856193
8467.0,0.996518,585803.3927057156
8468.0,0.998351,586807.785906589
8469.0,0.998232,586664.7009362044
8470.0,0.997467,586142.0122888184
8471.0,0.9972280000000001,585928.4790530496
8472.0,0.9975569999999999,586048.659923795
8473.0,0.997816,586127.6620561515
8474.0,0.998237,586301.7630959738
8475.0,0.998539,586405.9062546032
8476.0,0.9985069999999999,586313.8717552681
8477.0,0.998287,586111.4522254093
8478.0,0.997381,585506.3412519377
8479.0,0.9954850000000001,584320.2508830546
8480.0,0.989875,580954.6916690649
8481.0,0.9773940000000001,573557.8794790881
8482.0,0.969476,568840.2296677579
8483.0,0.9753299999999999,572203.4437390993
8484.0,0.9829389999999999,576595.2755120667
8485.0,0.9867319999999999,578747.780213829
8486.0,0.990663,580980.6472275183
8487.0,0.995193,583564.1685424146
8488.0,0.99695,584521.1766132389
8489.0,0.9947889999999999,583181.0426426214
8490.0,0.986668,578347.6870408676
8491.0,0.9792709999999999,573939.8425995305
8492.0,0.98272,575888.997189056
8493.0,0.983618,576342.8957567906
8494.0,0.9794379999999999,573821.6121248144
8495.0,0.9854940000000001,577297.1265427334
8496.0,0.9953790000000001,583014.4646391295
8497.0,1.00142,586479.1076807425
8498.0,1.0006700000000002,585966.217927153
8499.0,0.989654,579442.6815447559
8500.0,0.983899,576000.6855922475
8501.0,0.987569,578076.478119111
8502.0,0.99116,580105.4819320003
8503.0,0.994353,581901.0337684683
8504.0,0.992442,580709.590214494
8505.0,0.979575,573108.5180493583
8506.0,0.9655950000000001,564858.2433615534
8507.0,0.968268,566350.5403590247
8508.0,0.983153,574984.464622437
8509.0,0.9931709999999999,580770.1393494216
8510.0,0.991649,579807.0060249938
8511.0,0.977836,571658.5709494272
8512.0,0.9623700000000001,562545.9143246842
8513.0,0.96121,561796.9347203628
8514.0,0.966024,564539.2895352298
8515.0,0.975866,570218.8887242468
8516.0,0.984374,575117.6389217156
8517.0,0.9751559999999999,569660.0670305258
8518.0,0.9541629999999999,557326.0745381209
8519.0,0.9563159999999999,558513.0281604152
8520.0,0.9783,571280.0006178444
8521.0,0.989872,577964.3785727432
8522.0,0.99,577965.982998338
8523.0,0.989869,577816.3716712203
8524.0,0.9923649999999999,579200.0339558165
8525.0,0.994023,580094.2746143616
8526.0,0.99523,580725.0971673874
8527.0,0.9955440000000001,580834.723547447
8528.0,0.995475,580720.8656989419
8529.0,0.9948049999999999,580256.4521098608
8530.0,0.9900110000000001,577386.9579112912
8531.0,0.986017,574984.6732370262
8532.0,0.990603,577585.6642598106
8533.0,0.996001,580659.3546253694
8534.0,0.995715,580418.9368318849
8535.0,0.9917030000000001,578006.8788021138
8536.0,0.98941,576597.1835615404
8537.0,0.991333,577644.4580743052
8538.0,0.992015,577968.405166577
8539.0,0.987035,574993.86206963
8540.0,0.9754870000000001,568194.3667147931
8541.0,0.9674280000000001,563428.5599524523
8542.0,0.978721,569933.0780187382
8543.0,0.995592,579683.7044270241
8544.0,1.00035,582379.9203461393
8545.0,1.00035,582305.779071872
8546.0,1.00022,582155.9637474321
8547.0,0.9986079999999999,581143.7017917177
8548.0,0.9933620000000001,578017.1179082108
8549.0,0.9825809999999999,571671.0084100338
8550.0,0.9722540000000001,565590.5938455594
8551.0,0.966717,562297.8388667593
8552.0,0.9707549999999999,564574.5521247708
8553.0,0.9857090000000001,573198.4056961173
8554.0,0.995807,578996.58375081
8555.0,0.9979610000000001,580174.9263959209
8556.0,0.997741,579972.9658907445
8557.0,0.9978450000000001,579959.3404952905
8558.0,0.9977870000000001,579851.5451891711
8559.0,0.996662,579123.7537518755
8560.0,0.995856,578581.4547964127
8561.0,0.9967280000000001,579014.0404939749
8562.0,0.997088,579149.0962083187
8563.0,0.9940549999999999,577313.5486230545
8564.0,0.987342,573341.4955748038
8565.0,0.985085,571957.6622451759
8566.0,0.9905219999999999,575040.8542287399
8567.0,0.9933559999999999,576612.2673964846
8568.0,0.990559,574915.04749956
8569.0,0.98903,573954.0796453157
8570.0,0.992505,575896.8794212595
8571.0,0.9951709999999999,577369.7937044797
8572.0,0.9946870000000001,577014.9957568324
8573.0,0.994239,576681.1407649412
8574.0,0.994469,576740.5474956678
8575.0,0.994445,576652.6222086009
8576.0,0.994675,576711.9597211658
8577.0,0.994373,576462.8395167679
8578.0,0.9893190000000001,573459.2553080458
8579.0,0.977901,566767.9920324103
8580.0,0.9734940000000001,564141.3051714407
8581.0,0.9807530000000001,568274.8616903997
8582.0,0.9825370000000001,569235.3717565788
8583.0,0.9758760000000001,565303.6028310771
8584.0,0.97924,567179.3330307753
8585.0,0.9897940000000001,573218.4904955503
8586.0,0.992038,574444.1219932059
8587.0,0.988607,572383.6977930194
8588.0,0.9893790000000001,572756.915243378
8589.0,0.9933040000000001,574955.0619185297
8590.0,0.99516,575955.1668455666
8591.0,0.9954860000000001,576069.6022956851
8592.0,0.9954850000000001,575994.7750251862
8593.0,0.9959389999999999,576183.1707065807
8594.0,0.996433,576394.6274578145
8595.0,0.996101,576128.2563287596
8596.0,0.9953559999999999,575623.083753597
8597.0,0.99356,574510.2888633509
8598.0,0.990196,572491.1985965101
8599.0,0.9888610000000001,571645.5352896394
8600.0,0.991548,573124.8188419675
8601.0,0.9943120000000001,574648.1928228699
8602.0,0.9953559999999999,575177.2240478542
8603.0,0.9950760000000001,574941.1011585494
8604.0,0.9943139999999999,574426.5538640536
8605.0,0.9915719999999999,572768.3904225156
8606.0,0.982506,567458.1253899939
8607.0,0.9676790000000001,558822.3019136884
8608.0,0.965108,557265.4535133627
8609.0,0.969988,560010.7243108838
8610.0,0.9633639999999999,556114.4226450556
8611.0,0.9676870000000001,558537.5824378001
8612.0,0.9850559999999999,568489.1094799896
8613.0,0.993826,573476.0739295892
8614.0,0.9947879999999999,573956.783188149
8615.0,0.994625,573788.3391460564
8616.0,0.9947940000000001,573811.4127252263
8617.0,0.9951049999999999,573916.348924621
8618.0,0.995138,573860.9167227244
8619.0,0.994662,573511.986293815
8620.0,0.994391,573281.3036380864
8621.0,0.993445,572661.5554435801
8622.0,0.9884430000000001,569704.2024067048
8623.0,0.978477,563886.8839681924
8624.0,0.97544,562063.6463657819
8625.0,0.9822489999999999,565913.5352603451
8626.0,0.983917,566800.8415889451
8627.0,0.977662,563124.3141231865
8628.0,0.972582,560125.4162353365
8629.0,0.972483,559995.5346459714
8630.0,0.979936,564213.8441505458
8631.0,0.987986,568774.7154252545
8632.0,0.990031,569877.7964635042
8633.0,0.9886440000000001,569005.3049110959
8634.0,0.9889020000000001,569079.654429978
8635.0,0.992002,570789.2183057974
8636.0,0.991767,570579.6289732442
8637.0,0.9873280000000001,567951.752118038
8638.0,0.978125,562584.4406837182
8639.0,0.9654299999999999,555210.2829223607
8640.0,0.968051,556644.968996214
8641.0,0.978499,562579.3175119435
8642.0,0.975944,561037.1058116596
8643.0,0.973543,559583.7869303742
8644.0,0.982605,564718.7892189998
8645.0,0.990014,568902.54111747
8646.0,0.9910700000000001,569434.9553219667
8647.0,0.99067,569130.7438811058
8648.0,0.9907370000000001,569094.8360878458
8649.0,0.988994,568019.353328487
8650.0,0.979757,562640.5787469093
8651.0,0.9699909999999999,556959.4367891907
8652.0,0.971857,557957.8617072245
8653.0,0.976035,560283.1785339718
8654.0,0.9763139999999999,560369.9700177965
8655.0,0.9825370000000001,563867.9119417315
8656.0,0.9904290000000001,568322.606661102
8657.0,0.9936020000000001,570068.6302699418
8658.0,0.994015,570230.8551381505
8659.0,0.994233,570281.1596653522
8660.0,0.995986,571211.7668107226
8661.0,0.9999790000000001,573426.6045139589
8662.0,1.0021200000000001,574578.9641455086
8663.0,0.996131,571070.1601557749
8664.0,0.984489,564321.8759194969
8665.0,0.9668180000000001,554119.8877738743
8666.0,0.928392,532026.6386614417
8667.0,0.8774790000000001,502784.27329883486
8668.0,0.8646389999999999,495362.04180993483
8669.0,0.8955549999999999,513006.7790874333
8670.0,0.936744,536530.8327291253
8671.0,0.939773,538194.973777912
8672.0,0.9114610000000001,521912.45446708566
8673.0,0.915974,524427.6706472858
8674.0,0.957875,548345.3426843808
8675.0,0.988668,565898.6436765299
8676.0,0.9976010000000001,570936.6102498714
8677.0,0.9988969999999999,571603.0699044893
8678.0,0.9993040000000001,571760.6769174846
8679.0,0.9994270000000001,571755.7427858592
8680.0,0.999093,571489.3743078074
8681.0,0.995553,569389.431514652
8682.0,0.975923,558088.8281538065
8683.0,0.937449,536016.5153845237
8684.0,0.928961,531093.1921024711
8685.0,0.9585239999999999,547922.2824361916
8686.0,0.977883,558914.7508210269
8687.0,0.980965,560602.3045514998
8688.0,0.970182,554366.8551394265
8689.0,0.965974,551889.5167079102
8690.0,0.97556,557292.6850694012
8691.0,0.97073,554460.2873493035
8692.0,0.9585319999999999,547420.722252107
8693.0,0.9619190000000001,549282.4583005364
8694.0,0.96851,552973.0067370555
8695.0,0.9692219999999999,553306.3678782135
8696.0,0.977392,557896.6502578007
8697.0,0.983237,561158.7539312517
8698.0,0.983965,561499.9496453322
8699.0,0.9870530000000001,563187.5843547006
8700.0,0.9890469999999999,564250.6188109445
8701.0,0.988344,563774.9115320962
8702.0,0.9848459999999999,561705.179509244
8703.0,0.97559,556352.3382002821
8704.0,0.95421,544087.8177222321
8705.0,0.936225,533762.08339435
8706.0,0.9405889999999999,536179.0184068963
8707.0,0.954235,543885.7523991975
8708.0,0.9529489999999999,543080.746302172
8709.0,0.9569059999999999,545263.4898666373
8710.0,0.9726440000000001,554157.778320532
8711.0,0.983973,560538.0132800296
8712.0,0.9922989999999999,565206.0415218706
8713.0,0.9966290000000001,567597.0138117162
8714.0,0.9942129999999999,566145.8731955531
8715.0,0.9836299999999999,560045.0817408188
8716.0,0.973325,554104.1464649506
8717.0,0.977514,556414.9551340983
8718.0,0.9896590000000001,563253.1898343466
8719.0,0.9964270000000001,567029.7277242766
8720.0,0.9981059999999999,567909.657534732
8721.0,0.998576,568101.5116728673
8722.0,0.998765,568133.4443952246
8723.0,0.9981780000000001,567723.9831854086
8724.0,0.993777,565145.6405771316
8725.0,0.974808,554284.4631862402
8726.0,0.9337549999999999,530870.6650446471
8727.0,0.911393,518088.1146563509
8728.0,0.9441700000000001,536648.9425063299
8729.0,0.9807040000000001,557339.9243931994
8730.0,0.991648,563484.3538640557
8731.0,0.9908450000000001,562953.0077420014
8732.0,0.978503,555866.7159631242
8733.0,0.966299,548860.6716390249
8734.0,0.9709559999999999,551432.2896840851
8735.0,0.982709,558032.6684281729
8736.0,0.992411,563466.7510257895
8737.0,0.9965129999999999,565720.2369879979
8738.0,0.996813,565814.9875408439
8739.0,0.9952059999999999,564827.3711132742
8740.0,0.9944129999999999,564301.9138048438
8741.0,0.99635,565325.5623161747
8742.0,0.997599,565958.5933812563
8743.0,0.998001,566110.971563081
8744.0,0.9986280000000001,566390.8947916011
8745.0,0.998149,566043.5108255888
8746.0,0.9954430000000001,564433.4449211307
8747.0,0.992632,562764.253771541
8748.0,0.993577,563224.6294583058
8749.0,0.99454,563695.0570524689
8750.0,0.992608,562524.6950254627
8751.0,0.993332,562859.6097657075
8752.0,0.996452,564551.8904318028
8753.0,0.996751,564645.6331855654
8754.0,0.9935149999999999,562737.0635213476
8755.0,0.9909959999999999,561235.0400807401
8756.0,0.993785,562739.091886258
8757.0,0.9976719999999999,564864.38170995
8758.0,0.998933,565502.4787043313
8759.0,0.9986430000000001,565262.4639755776
8760.0,0.9970100000000001,564262.4094858969
8761.0,0.9916010000000001,561125.8385378951
8762.0,0.984267,556900.9125086094
8763.0,0.9807049999999999,554811.0153519658
8764.0,0.979073,553813.358786868
8765.0,0.9753139999999999,551612.9661960182
8766.0,0.970252,548676.2935154719
8767.0,0.972209,549709.0860451667
8768.0,0.962993,544424.955478218
8769.0,0.920141,520128.77332944085
8770.0,0.897552,507291.6404392418
8771.0,0.9360290000000001,528967.4735852426
8772.0,0.977259,552193.0121252482
8773.0,0.98795,558158.7590295129
8774.0,0.988037,558132.7739972927
8775.0,0.9839110000000001,555727.2057553992
8776.0,0.980123,553513.1403087035
8777.0,0.9874930000000001,557600.1475729322
8778.0,0.996239,562462.897916275
8779.0,0.99855,563691.6877671379
8780.0,0.9965350000000001,562478.3774141357
8781.0,0.9910969999999999,559333.569672873
8782.0,0.9855229999999999,556112.8408275885
8783.0,0.9819049999999999,553996.5406779881
8784.0,0.9831989999999999,554651.7902170571
8785.0,0.9915950000000001,559312.7452739411
8786.0,0.99785,562764.9399794048
8787.0,0.999301,563507.1938518983
8788.0,0.999157,563349.9192179848
8789.0,0.998958,563161.6539954701
8790.0,0.998966,563090.0930750723
8791.0,0.998991,563028.105795864
8792.0,0.9986719999999999,562772.2573476098
8793.0,0.998281,562475.8832399185
8794.0,0.9984719999999999,562507.4427961273
8795.0,0.997886,562101.2890785917
8796.0,0.994828,560302.9487385371
8797.0,0.990827,557974.0274657803
8798.0,0.989358,557071.3865927662
8799.0,0.992539,558786.8544572499
8800.0,0.9958799999999999,560591.8971479015
8801.0,0.9946450000000001,559820.8920789364
8802.0,0.991876,558186.7974184667
8803.0,0.993403,558970.4025153928
8804.0,0.9973850000000001,561134.9669202949
8805.0,0.999238,562101.2918516027
8806.0,0.9986229999999999,561679.1924497881
8807.0,0.996351,560325.3213860913
8808.0,0.9959459999999999,560021.6071226441
8809.0,0.997965,561080.7818211337
8810.0,0.9991399999999999,561665.1891042981
8811.0,0.9992260000000001,561637.3143605312
8812.0,0.9991,561490.2773622593
8813.0,0.998807,561249.413034099
8814.0,0.9977959999999999,560605.1838566668
8815.0,0.991916,557225.8586225447
8816.0,0.9793069999999999,550067.806969802
8817.0,0.97655,548444.7006258711
8818.0,0.9882139999999999,554919.9523408865
8819.0,0.996006,559219.4372581174
8820.0,0.997398,559924.8590999827
8821.0,0.9975069999999999,559909.902842666
8822.0,0.995676,558806.132305152
8823.0,0.9881049999999999,554481.5969472142
8824.0,0.97954,549600.4982740964
8825.0,0.9824709999999999,551170.002080948
8826.0,0.9822059999999999,550946.3283852468
8827.0,0.9507770000000001,533244.3258570607
8828.0,0.913407,512215.55605010764
8829.0,0.932249,522710.4646929997
8830.0,0.976116,547232.0537274607
8831.0,0.994075,557224.3208199725
8832.0,0.993566,556863.0939073226
8833.0,0.991375,555559.3585562243
8834.0,0.99369,556780.7378397214
8835.0,0.9930559999999999,556349.6102197676
8836.0,0.9844129999999999,551432.2245153172
8837.0,0.980166,548978.2971378192
8838.0,0.9871489999999999,552813.9328704316
8839.0,0.987405,552881.8182938515
8840.0,0.9752860000000001,546021.4195182676
8841.0,0.969666,542800.8869204251
8842.0,0.9820399999999999,549652.5371296894
8843.0,0.9947809999999999,556707.6733271373
8844.0,0.996943,557841.3559677305
8845.0,0.992624,555348.7422092299
8846.0,0.989999,553804.4054566366
8847.0,0.9919530000000001,554821.602430282
8848.0,0.992185,554875.4735261501
8849.0,0.992449,554947.1971781402
8850.0,0.9953620000000001,556499.912396583
8851.0,0.998031,557915.7765245545
8852.0,0.9984190000000001,558056.2848191484
8853.0,0.9975040000000001,557468.5293105245
8854.0,0.997715,557510.1025854503
8855.0,0.9989379999999999,558117.0531786924
8856.0,0.999474,558340.0298019456
8857.0,0.999466,558259.06389332
8858.0,0.999558,558233.9420062279
8859.0,0.9996729999999999,558221.6440643126
8860.0,0.999534,558067.5080287901
8861.0,0.99877,557564.4810810371
8862.0,0.997027,556515.1129989708
8863.0,0.9956370000000001,555663.0152245987
8864.0,0.9952030000000001,555344.5936250956
8865.0,0.994585,554923.5714855866
8866.0,0.994693,554907.6512169347
8867.0,0.994207,554560.3810284184
8868.0,0.9937280000000001,554217.0841841601
8869.0,0.9897959999999999,551948.32998106
8870.0,0.972147,542032.0969850163
8871.0,0.9464670000000001,527641.3990369586
8872.0,0.949887,529475.2225974693
8873.0,0.9793360000000001,545815.3124623543
8874.0,0.9959370000000001,554991.2671109122
8875.0,0.999238,556754.1949600439
8876.0,0.9994870000000001,556816.3361589601
8877.0,0.999303,556637.2421495994
8878.0,0.9989040000000001,556338.4273531815
8879.0,0.996941,555168.720638612
8880.0,0.991447,552033.2648727292
8881.0,0.986848,549396.9099117612
8882.0,0.9878299999999999,549867.8754059536
8883.0,0.988776,550318.6491029704
8884.0,0.9916200000000001,551825.4887492473
8885.0,0.9966209999999999,554532.0684841167
8886.0,0.9988290000000001,555684.0313251509
8887.0,0.999101,555758.7335988993
8888.0,0.998909,555575.3208047997
8889.0,0.9984770000000001,555258.4673322395
8890.0,0.9982709999999999,555067.3378050332
8891.0,0.997604,554619.9412093253
8892.0,0.99449,552812.4153355528
8893.0,0.9907590000000001,550662.4347822723
8894.0,0.991137,550796.4830667587
8895.0,0.9886510000000001,549339.1010222476
8896.0,0.969785,538781.8856644201
8897.0,0.9506950000000001,528103.1309799838
8898.0,0.96459,535747.6623715222
8899.0,0.9883629999999999,548875.6868116312
8900.0,0.996633,553391.8399317322
8901.0,0.9976010000000001,553852.760584936
8902.0,0.9967889999999999,553325.4359543391
8903.0,0.9914719999999999,550297.8161637777
8904.0,0.977672,542563.3303822542
8905.0,0.9556879999999999,530289.8409406784
8906.0,0.950111,527122.3395225412
8907.0,0.973352,539941.7267637841
8908.0,0.989706,548937.6849433824
8909.0,0.986733,547212.9442336307
8910.0,0.982475,544776.1313561471
8911.0,0.9881110000000001,547825.368179562
8912.0,0.995366,551771.2113028809
8913.0,0.9973350000000001,552786.1001150704
8914.0,0.994497,551136.7079622109
8915.0,0.991318,549298.7960216095
8916.0,0.9932110000000001,550271.4222157277
8917.0,0.9955379999999999,551484.1700041227
8918.0,0.9928549999999999,549921.6215848917
8919.0,0.9911620000000001,548907.7453149288
8920.0,0.9946209999999999,550746.9181659188
8921.0,0.997676,552361.8810281942
8922.0,0.997693,552294.6191322792
8923.0,0.9944360000000001,550415.208128419
8924.0,0.990866,548363.0736273752
8925.0,0.992489,549184.9841190195
8926.0,0.996553,551357.1588825393
8927.0,0.997035,551547.1873333676
8928.0,0.985714,545208.7740454694
8929.0,0.959656,530722.0406516162
8930.0,0.951994,526411.5022924142
8931.0,0.975404,539281.2209401492
8932.0,0.99061,547612.1398968071
8933.0,0.9822559999999999,542918.4901038968
8934.0,0.9616899999999999,531477.1695096231
8935.0,0.961201,531133.0012341928
8936.0,0.9822770000000001,542703.4661949712
8937.0,0.9954069999999999,549881.1682193794
8938.0,0.998657,551599.7121847378
8939.0,0.9992549999999999,551853.1463594006
8940.0,0.999308,551805.5421431114
8941.0,0.9992129999999999,551676.2132829985
8942.0,0.999129,551552.9673240237
8943.0,0.998873,551334.7936387232
8944.0,0.99697,550207.7090847032
8945.0,0.987842,545094.1369821533
8946.0,0.964909,532365.3881843771
8947.0,0.9512870000000001,524776.5693733416
8948.0,0.9709120000000001,535527.9606532949
8949.0,0.992409,547308.7261741476
8950.0,0.9987159999999999,550710.1368549136
8951.0,0.999275,550941.4635384236
8952.0,0.9989950000000001,550710.1895418095
8953.0,0.9967090000000001,549373.2731324071
8954.0,0.984028,542307.9137561603
8955.0,0.9596379999999999,528792.4546096618
8956.0,0.956248,526850.8288892522
8957.0,0.979934,539825.328640423
8958.0,0.995713,548440.9835083261
8959.0,0.9989870000000001,550167.3850325978
8960.0,0.9990899999999999,550147.1728455237
8961.0,0.99855,549772.9236516821
8962.0,0.996915,548795.9626293564
8963.0,0.9953879999999999,547878.6947181383
8964.0,0.996366,548340.2604464923
8965.0,0.9980459999999999,549187.9564980868
8966.0,0.9985139999999999,549368.5643768447
8967.0,0.998627,549353.8076762556
8968.0,0.9988610000000001,549405.5837146459
8969.0,0.998977,549392.4252863606
8970.0,0.9990399999999999,549350.1017450757
8971.0,0.998994,549247.8365012249
8972.0,0.998492,548894.9005757672
8973.0,0.9977290000000001,548398.5805264274
8974.0,0.997023,547933.6998962045
8975.0,0.992765,545517.1263528274
8976.0,0.980052,538455.8962594091
8977.0,0.972799,534396.0107527452
8978.0,0.983801,540364.0083461034
8979.0,0.995341,546625.7676528352
8980.0,0.998309,548178.7963206748
8981.0,0.998027,547947.0155491912
8982.0,0.997857,547776.7574671402
8983.0,0.998058,547810.1550907964
8984.0,0.998452,547949.4364103718
8985.0,0.9987370000000001,548028.8427895902
8986.0,0.998361,547745.5475335052
8987.0,0.997215,547039.9096768983
8988.0,0.996658,546657.5060321685
8989.0,0.996533,546512.0994550142
8990.0,0.994757,545461.4054407404
8991.0,0.994109,545029.4183305474
8992.0,0.9959809999999999,545978.9466419031
8993.0,0.9972770000000001,546612.4743507463
8994.0,0.9979950000000001,546929.0386756302
8995.0,0.99739,546520.5500927743
8996.0,0.990525,542682.4629721725
8997.0,0.978258,535886.2353508602
8998.0,0.9782059999999999,535782.2880850296
8999.0,0.9896020000000001,541947.7527609769
9000.0,0.990869,542565.1700596226
9001.0,0.9821209999999999,537699.297943468
9002.0,0.9825,537830.9897459567
9003.0,0.9923059999999999,543122.33291425
9004.0,0.9970469999999999,545640.3061307403
9005.0,0.992818,543249.3471223447
9006.0,0.9803569999999999,536355.2937724721
9007.0,0.9753809999999999,533557.6414955993
9008.0,0.9863569999999999,539485.6633687154
9009.0,0.9953569999999999,544331.3718054262
9010.0,0.9972489999999999,545289.080985679
9011.0,0.997467,545331.2921542143
9012.0,0.997259,545140.5983381656
9013.0,0.997711,545310.6642534025
9014.0,0.999677,546308.0348745469
9015.0,1.00129,547112.2170525148
9016.0,1.0009700000000001,546860.090899746
9017.0,0.9998940000000001,546195.0438385254
9018.0,0.999288,545786.8624471881
9019.0,0.9990399999999999,545574.2748470258
9020.0,0.9987870000000001,545358.9923917965
9021.0,0.9983770000000001,545058.0327517585
9022.0,0.9983120000000001,544945.457486568
9023.0,0.998519,544981.344042755
9024.0,0.99816,544708.3223989306
9025.0,0.995605,543237.1383154738
9026.0,0.988718,539402.9887755504
9027.0,0.9810270000000001,535131.3335994676
9028.0,0.978398,533621.6961028656
9029.0,0.9842920000000001,536760.2775934908
9030.0,0.9936510000000001,541787.2335408125
9031.0,0.997951,544054.7167362379
9032.0,0.998527,544291.6007063969
9033.0,0.9979459999999999,543897.8078227808
9034.0,0.9964139999999999,542985.863887514
9035.0,0.9954930000000001,542407.0649669959
9036.0,0.9967520000000001,543016.0379205543
9037.0,0.9981559999999999,543703.7962038051
9038.0,0.998497,543812.3919936152
9039.0,0.9984069999999999,543686.2296413935
9040.0,0.9984370000000001,543625.4155831884
9041.0,0.9987209999999999,543702.8715009539
9042.0,0.9987959999999999,543666.5174911987
9043.0,0.998373,543359.1153289303
9044.0,0.998015,543087.1466867757
9045.0,0.9981549999999999,543086.1874948482
9046.0,0.9983870000000001,543135.2531258585
9047.0,0.9985200000000001,543130.4305872298
9048.0,0.998626,543110.900633528
9049.0,0.998792,543123.9784726533
9050.0,0.998922,543117.4546602204
9051.0,0.998764,542954.3437371238
9052.0,0.998561,542766.7949033187
9053.0,0.998574,542696.6647111062
9054.0,0.998381,542514.5906642965
9055.0,0.9981270000000001,542299.401524061
9056.0,0.9984040000000001,542372.7093672497
9057.0,0.998757,542487.2521491527
9058.0,0.998768,542416.002686466
9059.0,0.998756,542332.2597973957
9060.0,0.999033,542405.4231261234
9061.0,0.99925,542445.9699073875
9062.0,0.9987299999999999,542086.4548678487
9063.0,0.9980190000000001,541623.3623523597
9064.0,0.997835,541446.3386494633
9065.0,0.99764,541263.3729553823
9066.0,0.997408,541060.3637088274
9067.0,0.99736,540957.1874986123
9068.0,0.995806,540037.2947868268
9069.0,0.992079,537939.3646923534
9070.0,0.991334,537458.721092842
9071.0,0.993008,538289.4811669625
9072.0,0.9893,536202.9232542455
9073.0,0.986554,534638.2685010658
9074.0,0.9915780000000001,537284.1923749868
9075.0,0.9951760000000001,539156.7721980156
9076.0,0.9950889999999999,539032.6546278824
9077.0,0.9964270000000001,539680.350354011
9078.0,0.998158,540540.6612444675
9079.0,0.998525,540662.1494497568
9080.0,0.998275,540449.545002763
9081.0,0.9970620000000001,539715.6992389164
9082.0,0.995976,539050.7749754547
9083.0,0.9966020000000001,539312.4675613055
9084.0,0.99675,539315.4277031723
9085.0,0.9933540000000001,537401.0710046251
9086.0,0.984892,532746.9413039095
9087.0,0.978798,529374.8324237925
9088.0,0.979298,529569.4648721587
9089.0,0.982649,531305.5163660866
9090.0,0.98974,535062.9268733468
9091.0,0.995548,538125.7348284781
9092.0,0.997186,538933.9451435274
9093.0,0.994985,537667.3909981825
9094.0,0.9911469999999999,535516.7044059925
9095.0,0.992044,535924.5637769345
9096.0,0.9960870000000001,538031.5789014545
9097.0,0.996059,537939.3501892858
9098.0,0.9926010000000001,535994.9568690474
9099.0,0.992459,535841.4481780212
9100.0,0.995001,537136.8779704182
9101.0,0.994677,536884.9654473773
9102.0,0.992425,535592.5967379923
9103.0,0.9919540000000001,535261.6081410656
9104.0,0.9952549999999999,536965.7819376448
9105.0,0.9982850000000001,538523.2520851322
9106.0,0.999117,538894.7136498999
9107.0,0.9991770000000001,538849.7097985653
9108.0,0.999086,538723.2730787902
9109.0,0.999027,538614.1009587705
9110.0,0.999159,538607.896755615
9111.0,0.999693,538818.3416938855
9112.0,0.99992,538863.257776407
9113.0,0.9984940000000001,538017.4525972954
9114.0,0.9921059999999999,534498.5815417202
9115.0,0.980117,527963.584764751
9116.0,0.97793,526709.7669886475
9117.0,0.989246,532727.9101897175
9118.0,0.9970459999999999,536851.1377479603
9119.0,0.99866,537642.8340547454
9120.0,0.9987590000000001,537618.7740609823
9121.0,0.9987889999999999,537557.5605013998
9122.0,0.998552,537352.6593100906
9123.0,0.9970549999999999,536469.8445100632
9124.0,0.994337,534930.3900192477
9125.0,0.994036,534691.4579508345
9126.0,0.9966459999999999,536018.1707148646
9127.0,0.998384,536875.5641423272
9128.0,0.9988040000000001,537024.041365723
9129.0,0.9989520000000001,537026.2274477948
9130.0,0.9989889999999999,536968.7250712027
9131.0,0.9988809999999999,536833.2872666602
9132.0,0.9986510000000001,536632.3069630616
9133.0,0.9982059999999999,536315.8455147502
9134.0,0.9976430000000001,535936.0615260839
9135.0,0.9976299999999999,535851.7817835808
9136.0,0.998344,536157.9358272151
9137.0,0.998812,536331.8830600602
9138.0,0.9987799999999999,536237.3100251767
9139.0,0.9986709999999999,536101.4056354917
9140.0,0.997927,535624.6883641673
9141.0,0.9971399999999999,535125.0084750192
9142.0,0.9978790000000001,535444.2737101099
9143.0,0.9988030000000001,535862.676290953
9144.0,0.9989299999999999,535853.4015308733
9145.0,0.9990110000000001,535819.4334912437
9146.0,0.999231,535859.9932693479
9147.0,0.999466,535908.5603936194
9148.0,0.999603,535904.5501224083
9149.0,0.99961,535830.8319753652
9150.0,0.9996120000000001,535754.4314877565
9151.0,0.9996959999999999,535721.9718184567
9152.0,0.9997510000000001,535673.9592941474
9153.0,0.999712,535575.5782278203
9154.0,0.9995280000000001,535399.532217903
9155.0,0.9990899999999999,535087.4773342483
9156.0,0.9976200000000001,534222.8557226615
9157.0,0.992721,531522.5060497927
9158.0,0.987028,528397.8527126821
9159.0,0.988728,529231.2932855753
9160.0,0.9950370000000001,532531.1471735092
9161.0,0.9976209999999999,533836.7377709388
9162.0,0.9960700000000001,532929.5681197437
9163.0,0.9951959999999999,532384.801995647
9164.0,0.997195,533376.8723072299
9165.0,0.9987790000000001,534146.6895517731
9166.0,0.998495,533917.3989584508
9167.0,0.9974860000000001,533300.5337977892
9168.0,0.996923,532922.2407813275
9169.0,0.997078,532927.7973566657
9170.0,0.9981899999999999,533444.7610189286
9171.0,0.999274,533946.5896908366
9172.0,0.999693,534092.968193057
9173.0,0.999822,534084.3685055374
9174.0,0.999755,533971.0636730721
9175.0,0.999574,533796.8892967245
9176.0,0.999577,533720.9880661343
9177.0,0.9996959999999999,533707.0140797334
9178.0,0.999685,533623.6275897175
9179.0,0.999584,533492.2074168354
9180.0,0.999541,533391.7527389326
9181.0,0.9994780000000001,533280.6324618033
9182.0,0.999034,532966.2643892235
9183.0,0.9978950000000001,532281.2482893029
9184.0,0.9967030000000001,531568.1414810247
9185.0,0.9972270000000001,531770.2737426218
9186.0,0.998453,532346.6100514991
9187.0,0.998842,532476.5556227436
9188.0,0.998827,532391.1012599753
9189.0,0.99897,532389.852557959
9190.0,0.999216,532443.4654013863
9191.0,0.999433,532481.5883923203
9192.0,0.999698,532545.2466600175
9193.0,0.999843,532544.9474476572
9194.0,0.999758,532422.13807381
9195.0,0.9996139999999999,532267.925024397
9196.0,0.9996290000000001,532198.384345367
9197.0,0.9996649999999999,532140.0191217783
9198.0,0.9995450000000001,531998.6178593246
9199.0,0.9992989999999999,531790.1817637482
9200.0,0.998561,531319.9968098251
9201.0,0.997374,530611.0538380243
9202.0,0.9973420000000001,530516.6739319107
9203.0,0.998541,531077.0091778154
9204.0,0.9993209999999999,531414.3437034368
9205.0,0.999308,531329.9200175962
9206.0,0.9989709999999999,531073.2525728849
9207.0,0.9983700000000001,530676.3093379978
9208.0,0.9963559999999999,529528.4982919333
9209.0,0.9936209999999999,527997.868467766
9210.0,0.9935790000000001,527898.4800753711
9211.0,0.995434,528806.8454202254
9212.0,0.9972120000000001,529674.0233252554
9213.0,0.998965,530527.6477365339
9214.0,0.999503,530735.8347866087
9215.0,0.9992559999999999,530527.1637651375
9216.0,0.999359,530504.3259833457
9217.0,0.99954,530522.871370436
9218.0,0.999561,530456.4776958348
9219.0,0.999632,530416.6106999661
9220.0,0.999641,530343.8389159185
9221.0,0.999602,530245.603177875
9222.0,0.999726,530233.8246682319
9223.0,0.9999100000000001,530253.8444010895
9224.0,1.00003,530239.9006480552
9225.0,1.00005,530172.9230438926
9226.0,1.00006,530100.6410683858
9227.0,1.00079,530409.9506779446
9228.0,1.00278,531386.8376969048
9229.0,1.00404,531976.6350474872
9230.0,1.0027,531188.8642145452
9231.0,1.00073,530067.6017843257
9232.0,0.999884,529541.9186805431
9233.0,0.999791,529415.0992481427
9234.0,0.9998370000000001,529361.8870524014
9235.0,0.9998870000000001,529310.784720599
9236.0,0.999969,529276.6115371553
9237.0,1.00006,529247.1881098215
9238.0,1.00003,529153.7244340843
9239.0,0.999821,528965.5631888455
9240.0,0.999606,528774.2600521095
9241.0,0.99951,528645.9295682213
9242.0,0.9994930000000001,528559.3909496685
9243.0,0.9994770000000001,528473.3833256108
9244.0,0.999518,528417.512124778
9245.0,0.999647,528408.1505276276
9246.0,0.999718,528368.1145568815
9247.0,0.999549,528201.2417222642
9248.0,0.999323,528004.278140645
9249.0,0.999402,527968.4760399722
9250.0,0.999616,528003.9692808482
9251.0,0.9995950000000001,527915.3186421106
9252.0,0.9991690000000001,527612.8100597654
9253.0,0.9984209999999999,527140.3596613834
9254.0,0.997922,526799.4712778796
9255.0,0.998358,526952.1706908386
9256.0,0.999236,527338.0638281109
9257.0,0.9994799999999999,527389.2817085162
9258.0,0.999289,527210.9615503123
9259.0,0.999195,527083.8391345564
9260.0,0.9991959999999999,527006.8370310443
9261.0,0.9990020000000001,526827.0006799862
9262.0,0.998361,526411.5020054986
9263.0,0.997975,526130.5381462674
9264.0,0.998705,526437.9005239642
9265.0,0.999509,526784.1506367441
9266.0,0.9997469999999999,526832.0134544583
9267.0,0.9997540000000001,526758.1281343806
9268.0,0.999649,526625.2388669899
9269.0,0.9995299999999999,526484.9915247916
9270.0,0.999532,526408.487797305
9271.0,0.99951,526319.3458102564
9272.0,0.99945,526210.200164166
9273.0,0.999498,526157.9173538105
9274.0,0.999491,526076.6780816559
9275.0,0.999466,525985.9670400434
9276.0,0.9996,525978.9239533853
9277.0,0.9996889999999999,525948.1850115806
9278.0,0.9996459999999999,525847.995723949
9279.0,0.999502,525694.6914834137
9280.0,0.999074,525392.0599501224
9281.0,0.9985209999999999,525023.7696720222
9282.0,0.99836,524861.6489805883
9283.0,0.9987870000000001,525008.6332993547
9284.0,0.9991700000000001,525132.4263775245
9285.0,0.9992200000000001,525081.171553276
9286.0,0.9993120000000001,525051.9764011253
9287.0,0.999461,525052.7111927874
9288.0,0.9994940000000001,524992.4929889262
9289.0,0.999447,524890.2553070722
9290.0,0.999274,524721.8620381114
9291.0,0.9991110000000001,524558.7459898654
9292.0,0.999208,524532.1418200651
9293.0,0.999307,524506.5724772171
9294.0,0.999425,524490.9589823916
9295.0,0.999568,524488.4452140122
9296.0,0.9995040000000001,524377.3094562363
9297.0,0.9991690000000001,524124.0280683743
9298.0,0.999042,523979.8911865573
9299.0,0.999374,524076.47599672555
9300.0,0.99965,524143.6471771564
9301.0,0.999727,524106.45008526853
9302.0,0.9996780000000001,524003.19560805295
9303.0,0.999391,523775.2145138645
9304.0,0.999052,523520.029337094
9305.0,0.9989399999999999,523383.8312306659
9306.0,0.99903,523353.47082529427
9307.0,0.999287,523410.5686707835
9308.0,0.999459,523423.1118829861
9309.0,0.999505,523369.6514749563
9310.0,0.999558,523319.8491032101
9311.0,0.999553,523239.677360165
9312.0,0.999524,523146.94522330665
9313.0,0.9995350000000001,523075.1506728407
9314.0,0.999568,523014.86607217643
9315.0,0.999491,522897.0287527315
9316.0,0.9993340000000001,522737.35690042423
9317.0,0.999424,522706.8928097438
9318.0,0.999662,522753.80887405504
9319.0,0.9997389999999999,522716.50908676593
9320.0,0.999727,522632.6707600434
9321.0,0.9997530000000001,522568.69724040496
9322.0,0.9997530000000001,522491.1319993843
9323.0,0.9997010000000001,522386.3949902416
9324.0,0.999698,522307.26729641104
9325.0,0.9997209999999999,522241.7226115102
9326.0,0.999704,522155.2824417754
9327.0,0.999719,522085.5568331411
9328.0,0.999782,522040.8928234633
9329.0,0.999819,521982.6455427639
9330.0,0.9997540000000001,521871.1490859214
9331.0,0.999633,521730.4356137239
9332.0,0.9996139999999999,521642.9695849735
9333.0,0.999655,521586.8130638831
9334.0,0.999661,521512.39161821175
9335.0,0.9997090000000001,521459.8775021062
9336.0,0.999784,521421.4379395933
9337.0,0.9997940000000001,521349.0926579588
9338.0,0.9997530000000001,521250.1560998388
9339.0,0.9997469999999999,521169.47206141683
9340.0,0.9997530000000001,521095.044260226
9341.0,0.9997370000000001,521009.1509424057
9342.0,0.999743,520934.7242579634
9343.0,0.9997879999999999,520880.6159452075
9344.0,0.999822,520820.7712635277
9345.0,0.9997809999999999,520721.8592838523
9346.0,0.9996079999999999,520554.214243652
9347.0,0.999466,520402.73783797456
9348.0,0.999524,520355.404805299
9349.0,0.999669,520353.3492163762
9350.0,0.999717,520300.7883902084
9351.0,0.999001,519850.65778036776
9352.0,0.9944299999999999,517394.90969760244
9353.0,0.9847790000000001,512297.17736344965
9354.0,0.9823719999999999,510968.8212458502
9355.0,0.991083,515422.86910022283
9356.0,0.996072,517940.190865216
9357.0,0.9948540000000001,517229.68841254327
9358.0,0.9949620000000001,517208.66704032046
9359.0,0.99736,518377.85721480736
9360.0,0.998778,519037.39723833377
9361.0,0.9990180000000001,519084.6353656463
9362.0,0.998719,518851.8172689999
9363.0,0.998851,518842.9249380936
9364.0,0.9993200000000001,519009.0380537576
9365.0,0.999266,518903.4934194696
9366.0,0.998777,518572.10295448307
9367.0,0.998808,518510.7365864923
9368.0,0.999368,518723.9448086629
9369.0,0.999705,518821.3357813871
9370.0,0.999775,518780.12993516156
9371.0,0.999762,518695.8521556612
9372.0,0.999732,518602.7587203082
9373.0,0.999705,518511.22687848326
9374.0,0.999713,518437.85071586317
9375.0,0.999756,518382.62209972035
9376.0,0.999756,518305.0952333051
9377.0,0.9996879999999999,518192.3212785746
9378.0,0.9996079999999999,518073.33954842284
9379.0,0.999555,517968.3626033981
9380.0,0.9994870000000001,517855.6230724788
9381.0,0.999483,517776.049920957
9382.0,0.999516,517715.64317954774
9383.0,0.999383,517569.2628246961
9384.0,0.99929,517443.6166000203
9385.0,0.999492,517470.71731052746
9386.0,0.99965,517475.0108980866
9387.0,0.998568,516837.483534774
9388.0,0.9895799999999999,512108.7611695885
9389.0,0.963426,498499.3402676125
9390.0,0.9457469999999999,489278.4838181381
9391.0,0.9662649999999999,499818.47578094405
9392.0,0.990455,512254.412696643
9393.0,0.9967520000000001,515433.8885519572
9394.0,0.9899600000000001,511844.9056739783
9395.0,0.9673299999999999,500069.38958311465
9396.0,0.952758,492462.4096647848
9397.0,0.971403,502024.34789271466
9398.0,0.9923690000000001,512782.7171681142
9399.0,0.99845,515847.52659902093
9400.0,0.999267,516192.16568375466
9401.0,0.9995370000000001,516254.15748877375
9402.0,0.9996200000000001,516219.5389116643
9403.0,0.999676,516170.96757107595
9404.0,0.9999809999999999,516250.93772160023
9405.0,1.00068,516534.23803942767
9406.0,1.00092,516580.5387356645
9407.0,1.00029,516177.8589600845
9408.0,0.9996649999999999,515777.85788637085
9409.0,0.999137,515427.9946927321
9410.0,0.99879,515171.57366938633
9411.0,0.999077,515242.1730742122
9412.0,0.999447,515355.52748944634
9413.0,0.999259,515181.1416329768
9414.0,0.9986879999999999,514809.35524591745
9415.0,0.9986299999999999,514702.06310699164
9416.0,0.998944,514786.48432769976
9417.0,0.99929,514887.34635022597
9418.0,0.99954,514938.6992586064
9419.0,0.9995950000000001,514889.57066178304
9420.0,0.9995959999999999,514812.623821345
9421.0,0.9995440000000001,514708.38624379254
9422.0,0.999455,514585.1081108466
9423.0,0.999511,514536.48948914546
9424.0,0.99964,514525.4375077814
9425.0,0.999732,514495.32554969576
9426.0,0.9997459999999999,514425.0654393315
9427.0,0.9996120000000001,514278.6618379435
9428.0,0.999389,514086.4988038759
9429.0,0.999115,513868.14131914626
9430.0,0.998999,513731.0786266132
9431.0,0.9993270000000001,513822.32616151805
9432.0,0.999635,513903.2425639768
9433.0,0.9994709999999999,513741.4984312171
9434.0,0.9990629999999999,513454.38086931047
9435.0,0.999009,513349.233959341
9436.0,0.999344,513443.95777090726
9437.0,0.999552,513473.39088629984
9438.0,0.999633,513437.5628310686
9439.0,0.999706,513397.6154128124
9440.0,0.999674,513303.743800142
9441.0,0.999531,513152.8920410375
9442.0,0.999466,513042.10270315025
9443.0,0.999559,513012.41677012114
9444.0,0.999685,512999.6523740078
9445.0,0.999762,512961.72898127517
9446.0,0.9997530000000001,512879.6767510095
9447.0,0.999442,512642.7230249106
9448.0,0.9987799999999999,512225.8082592156
9449.0,0.9986309999999999,512072.0507841617
9450.0,0.999189,512280.7945534655
9451.0,0.9995069999999999,512366.42498263466
9452.0,0.9993280000000001,512197.27462543605
9453.0,0.9991549999999999,512031.22848162643
9454.0,0.999301,512028.6622403498
9455.0,0.999282,511941.5440602693
9456.0,0.9987969999999999,511615.7304668256
9457.0,0.998634,511454.9074774001
9458.0,0.9991690000000001,511651.5412791398
9459.0,0.9996,511794.84602281667
9460.0,0.9996959999999999,511766.5918464622
9461.0,0.999732,511707.6138932705
9462.0,0.9998040000000001,511667.0557762944
9463.0,0.9998319999999999,511603.97394793376
9464.0,0.9997659999999999,511492.7980116377
9465.0,0.9995729999999999,511316.66915111983
9466.0,0.9994350000000001,511168.7021686406
9467.0,0.9995459999999999,511148.09206854523
9468.0,0.9996959999999999,511147.40743279824
9469.0,0.999785,511115.5166706507
9470.0,0.9998370000000001,511064.7015106969
9471.0,0.9998290000000001,510983.21593089734
9472.0,0.999767,510874.13983313984
9473.0,0.999684,510754.34598736354
9474.0,0.9995209999999999,510593.69981355086
9475.0,0.999238,510371.78945712163
9476.0,0.999078,510212.7389023267
9477.0,0.9991770000000001,510185.9620385038
9478.0,0.9993569999999999,510200.5246112934
9479.0,0.9995,510196.174558142
9480.0,0.999653,510196.9080579539
9481.0,0.999761,510174.6564848196
9482.0,0.9997590000000001,510096.26604612323
9483.0,0.9995709999999999,509922.9915089449
9484.0,0.9992280000000001,509670.68806093704
9485.0,0.999107,509531.656820131
9486.0,0.9992850000000001,509545.1093044033
9487.0,0.9993639999999999,509508.06285150454
9488.0,0.9993799999999999,509438.8916300301
9489.0,0.9993860000000001,509364.6231840518
9490.0,0.999244,509214.93501709064
9491.0,0.9989530000000001,508989.3519676615
9492.0,0.999065,508969.1225179933
9493.0,0.999459,509092.51960066106
9494.0,0.999632,509103.30454112263
9495.0,0.999662,509041.2472839287
9496.0,0.9996780000000001,508972.0595706015
9497.0,0.999654,508882.5091344344
9498.0,0.999613,508784.31183663534
9499.0,0.999609,508704.9524433063
9500.0,0.9995799999999999,508612.87512883527
9501.0,0.999484,508486.7182353957
9502.0,0.999218,508274.104114163
9503.0,0.998974,508072.7223710536
9504.0,0.999166,508093.09402816324
9505.0,0.9994290000000001,508149.53738319705
9506.0,0.9994,508057.50037900876
9507.0,0.998965,507759.1062621054
9508.0,0.998425,507407.4197961448
9509.0,0.9986229999999999,507430.8193707793
9510.0,0.9993280000000001,507711.7734970368
9511.0,0.999625,507785.36665988364
9512.0,0.999424,507605.9826511072
9513.0,0.999086,507357.0604586479
9514.0,0.9990469999999999,507260.00820394163
9515.0,0.9990379999999999,507178.1942313393
9516.0,0.998618,506887.7647301452
9517.0,0.998556,506779.0917183106
9518.0,0.999108,506981.99543322605
9519.0,0.9992260000000001,506964.6230100881
9520.0,0.9988040000000001,506673.3034342637
9521.0,0.9984379999999999,506410.4547615968
9522.0,0.998381,506304.3667378223
9523.0,0.9984629999999999,506268.76953418896
9524.0,0.9984799999999999,506200.2088815147
9525.0,0.9989100000000001,506340.99495884724
9526.0,0.9992540000000001,506438.1307169253
9527.0,0.999237,506352.2829041192
9528.0,0.999331,506322.6795271928
9529.0,0.9995350000000001,506348.7882739391
9530.0,0.9996510000000001,506330.29525082035
9531.0,0.9996459999999999,506250.50868723064
9532.0,0.999663,506181.8650531504
9533.0,0.999684,506115.24630269204
9534.0,0.9996729999999999,506032.42839082784
9535.0,0.9997229999999999,505980.48796786705
9536.0,0.999758,505920.9516024861
9537.0,0.9997290000000001,505829.030439344
9538.0,0.999732,505753.3046547113
9539.0,0.999768,505694.2726513356
9540.0,0.99977,505618.0425868125
9541.0,0.999748,505529.67892113834
9542.0,0.9997510000000001,505453.9606377667
9543.0,0.99998,505492.48797329306
9544.0,1.0009700000000001,505915.6111225013
9545.0,1.0031299999999999,506929.8411142456
9546.0,1.00444,507514.2597050657
9547.0,1.00289,506653.6247202099
9548.0,1.00084,505540.67353890825
9549.0,1.00004,505059.340506182
9550.0,0.99987,504896.2596052868
9551.0,0.9997469999999999,504756.93710620084
9552.0,0.999616,504613.5977172886
9553.0,0.999602,504529.33457657
9554.0,0.999613,504457.6925104096
9555.0,0.999476,504311.3741269345
9556.0,0.9993139999999999,504152.46704175597
9557.0,0.999391,504114.1442863017
9558.0,0.9995370000000001,504110.6120045626
9559.0,0.999584,504057.13738153555
9560.0,0.9996139999999999,503995.0869133043
9561.0,0.999668,503945.1331584908
9562.0,0.999641,503854.34686100564
9563.0,0.999122,503515.6200121297
9564.0,0.996691,502213.55568910413
9565.0,0.992699,500125.43178596324
9566.0,0.992891,500145.5185847351
9567.0,0.997015,502145.9275489971
9568.0,0.999352,503245.81915841973
9569.0,0.9997870000000001,503387.70531982684
9570.0,0.9998030000000001,503318.59500820877
9571.0,0.9998,503239.92148485075
9572.0,0.999828,503176.8523278419
9573.0,0.9998520000000001,503111.7688498712
9574.0,0.9998239999999999,503020.5227500894
9575.0,0.999762,502912.18064932164
9576.0,0.999726,502816.9277106133
9577.0,0.9996280000000001,502690.50469639566
9578.0,0.9994069999999999,502502.25514084875
9579.0,0.9993719999999999,502407.5490092171
9580.0,0.9995379999999999,502413.88294760784
9581.0,0.999547,502341.2907561682
9582.0,0.999391,502185.7888467929
9583.0,0.999199,502012.226905925
9584.0,0.999006,501838.19508493063
9585.0,0.998949,501732.50329365546
9586.0,0.9991479999999999,501755.3820558444
9587.0,0.999448,501828.9456935128
9588.0,0.999663,501859.79345602775
9589.0,0.999647,501774.6600518163
9590.0,0.9994790000000001,501613.2470418506
9591.0,0.999439,501516.0929302957
9592.0,0.9995290000000001,501484.1715508708
9593.0,0.999604,501444.7145478817
9594.0,0.999677,501404.245761586
9595.0,0.9997530000000001,501365.2731090895
9596.0,0.999735,501279.15893792233
9597.0,0.9996719999999999,501170.4904118748
9598.0,0.99965,501082.38612067065
9599.0,0.999616,500988.27401007776
9600.0,0.9993479999999999,500776.9118572234
9601.0,0.997741,499894.71946418507
9602.0,0.994136,498011.88082075154
9603.0,0.9929979999999999,497365.25307365187
9604.0,0.9963360000000001,498960.3634115915
9605.0,0.998942,500188.4364219517
9606.0,0.999343,500312.1970390077
9607.0,0.998817,499971.8759927453
9608.0,0.9984120000000001,499692.19797784183
9609.0,0.998885,499851.94531754416
9610.0,0.999475,500070.1617360223
9611.0,0.999583,500047.16698809725
9612.0,0.9995229999999999,499940.1286317237
9613.0,0.999481,499842.1044206556
9614.0,0.999511,499780.0915299801
9615.0,0.999517,499706.07835923746
9616.0,0.9994780000000001,499609.57318343344
9617.0,0.999541,499564.0560503346
9618.0,0.999627,499530.0257956938
9619.0,0.9995639999999999,499421.5391386899
9620.0,0.998282,498704.09881146
9621.0,0.9922559999999999,495617.3007911657
9622.0,0.984967,491900.68159104796
9623.0,0.9881200000000001,493399.20541954105
9624.0,0.9959549999999999,497234.7549984223
9625.0,0.999033,498694.51478154986
9626.0,0.999394,498797.7483618606
9627.0,0.9994209999999999,498734.2557708305
9628.0,0.999352,498622.86337443016
9629.0,0.9992340000000001,498487.04020980524
9630.0,0.99931,498448.0041010871
9631.0,0.9994940000000001,498462.8207362383
9632.0,0.999603,498440.2143910262
9633.0,0.999661,498392.1678669321
9634.0,0.999044,498007.638817973
9635.0,0.994821,495825.9516408563
9636.0,0.9845379999999999,490625.036792762
9637.0,0.977492,487038.5541019384
9638.0,0.9833350000000001,489874.15321526834
9639.0,0.9923059999999999,494266.91057786846
9640.0,0.9881770000000001,492134.197822078
9641.0,0.968614,482316.8354257969
9642.0,0.9620879999999999,478993.19771162415
9643.0,0.980893,488280.12222778396
9644.0,0.9957950000000001,495621.57599704416
9645.0,0.99926,497269.2592640566
9646.0,0.9994219999999999,497272.97004547645
9647.0,0.999058,497014.98284947
9648.0,0.998692,496756.06019755366
9649.0,0.998655,496660.8186951072
9650.0,0.998859,496685.42416325206
9651.0,0.999036,496696.57785661373
9652.0,0.9992190000000001,496710.69028083625
9653.0,0.9994799999999999,496763.5456444774
9654.0,0.9994120000000001,496652.869312109
9655.0,0.999179,496460.22359173314
9656.0,0.9992969999999999,496441.9908416519
9657.0,0.999659,496544.9416444652
9658.0,1.00005,496662.2426672607
9659.0,0.999764,496443.3155148012
9660.0,0.9969680000000001,494978.2619506714
9661.0,0.9881620000000001,490530.237587107
9662.0,0.9792360000000001,486024.01139198156
9663.0,0.984085,488355.045150522
9664.0,0.994239,493317.55041522905
9665.0,0.998338,495274.617434566
9666.0,0.9987879999999999,495421.0724348461
9667.0,0.9986209999999999,495261.4634324477
9668.0,0.997453,494605.51923419116
9669.0,0.995344,493483.218190839
9670.0,0.9955629999999999,493515.2688329841
9671.0,0.997841,494567.80772644683
9672.0,0.9988549999999999,494993.61080939614
9673.0,0.9985809999999999,494781.07793974265
9674.0,0.9987459999999999,494786.07453574997
9675.0,0.999257,494962.4336559239
9676.0,0.999347,494930.2160178081
9677.0,0.99931,494835.1006594897
9678.0,0.999439,494822.1811457702
9679.0,0.999391,494721.6262972861
9680.0,0.999189,494544.86068539857
9681.0,0.999337,494541.3340063246
9682.0,0.999618,494603.59560240386
9683.0,0.9996860000000001,494560.44316930516
9684.0,0.9996950000000001,494488.10020539653
9685.0,0.9997209999999999,494424.1670385534
9686.0,0.9996700000000001,494322.1581371307
9687.0,0.9995360000000001,494179.1248003046
9688.0,0.9993540000000001,494012.38776963274
9689.0,0.9984280000000001,493477.9566822689
9690.0,0.9937950000000001,491111.7531599005
9691.0,0.9857020000000001,487036.67424791685
9692.0,0.985519,486870.5760613972
9693.0,0.99372,490845.767625717
9694.0,0.9986719999999999,493215.1166398826
9695.0,0.999617,493605.07556014624
9696.0,0.999693,493565.8526355632
9697.0,0.999719,493501.9397209872
9698.0,0.9995959999999999,493364.4855150982
9699.0,0.9991,493042.9832236713
9700.0,0.998551,492695.4100628093
9701.0,0.9987879999999999,492735.6851335103
9702.0,0.9994360000000001,492978.65613474994
9703.0,0.99972,493042.0138645417
9704.0,0.9997469999999999,492978.6042024512
9705.0,0.999726,492891.52888965164
9706.0,0.999626,492765.5175376423
9707.0,0.9994700000000001,492611.92442174105
9708.0,0.9994700000000001,492535.2352792021
9709.0,0.9995700000000001,492507.8219050504
9710.0,0.9996229999999999,492457.24277344265
9711.0,0.999447,492293.8616524511
9712.0,0.9983200000000001,491662.1538077009
9713.0,0.995791,490340.2599158503
9714.0,0.993884,489324.9909044299
9715.0,0.9949319999999999,489764.64484012226
9716.0,0.997542,490972.93124584673
9717.0,0.998765,491498.2700905826
9718.0,0.997791,490942.43676806806
9719.0,0.9959790000000001,489974.5003880962
9720.0,0.9963420000000001,490076.6759915959
9721.0,0.998242,490934.6952891324
9722.0,0.99928,491368.5622160377
9723.0,0.9994959999999999,491398.1409128164
9724.0,0.999459,491303.3233726808
9725.0,0.999434,491214.41333198984
9726.0,0.9995120000000001,491176.1268880632
9727.0,0.9995729999999999,491129.47964718495
9728.0,0.9990379999999999,490790.0344644584
9729.0,0.9956709999999999,489059.6365424749
9730.0,0.988369,485397.243456015
9731.0,0.985825,484072.30713671265
9732.0,0.991957,487007.29943344655
9733.0,0.997073,489442.6223286976
9734.0,0.998685,490157.39210589806
9735.0,0.9991620000000001,490314.94461569673
9736.0,0.9992639999999999,490288.43443770095
9737.0,0.9987860000000001,489977.3803266046
9738.0,0.9981629999999999,489595.2814973148
9739.0,0.9982209999999999,489547.2579601965
9740.0,0.9986079999999999,489660.5524369044
9741.0,0.9988739999999999,489714.469401193
9742.0,0.9990100000000001,489704.6249601355
9743.0,0.9987799999999999,489515.38225144666
9744.0,0.9977229999999999,488920.91844443127
9745.0,0.995117,487567.6723224796
9746.0,0.9930700000000001,486488.6743085051
9747.0,0.994397,487062.602639631
9748.0,0.9971209999999999,488320.4851961071
9749.0,0.9988370000000001,489084.38359278184
9750.0,0.998925,489050.9914815276
9751.0,0.996332,487705.2385430371
9752.0,0.9911760000000001,485105.4925754979
9753.0,0.9895290000000001,484223.6609070109
9754.0,0.9925379999999999,485620.13158512843
9755.0,0.994917,486707.9531584526
9756.0,0.99535,486843.5910559487
9757.0,0.995826,487000.19557923917
9758.0,0.99671,487356.22906529973
9759.0,0.9975719999999999,487701.3758475569
9760.0,0.998424,488041.5067369721
9761.0,0.9986510000000001,488076.05180300295
9762.0,0.998812,488078.31481993815
9763.0,0.998923,488056.12826385914
9764.0,0.997956,487507.3196309491
9765.0,0.996767,486850.231837224
9766.0,0.997574,487168.0823935709
9767.0,0.9990399999999999,487807.58779279905
9768.0,0.9995360000000001,487973.319287246
9769.0,0.9993350000000001,487798.757150303
9770.0,0.999016,487566.64045879187
9771.0,0.9991209999999999,487541.4762476816
9772.0,0.999458,487629.4916126827
9773.0,0.9996459999999999,487644.77488725545
9774.0,0.9996149999999999,487553.21839189244
9775.0,0.999508,487424.6083987664
9776.0,0.999532,487359.8930795387
9777.0,0.9995930000000001,487313.21630097984
9778.0,0.999178,487034.5153337233
9779.0,0.997708,486241.71863154543
9780.0,0.9962719999999999,485465.7185541289
9781.0,0.9968819999999999,485686.7655103956
9782.0,0.998598,486446.48868827213
9783.0,0.9995629999999999,486840.1770678122
9784.0,0.9997590000000001,486859.2372749327
9785.0,0.999674,486741.4529103013
9786.0,0.999607,486632.44870587887
9787.0,0.999635,486569.7000882762
9788.0,0.999741,486544.9118821676
9789.0,0.9997940000000001,486494.3223298961
9790.0,0.999664,486354.6962247195
9791.0,0.999502,486199.5282204728
9792.0,0.9994360000000001,486091.0804252163
9793.0,0.9994219999999999,486007.934129338
9794.0,0.999554,485995.7814113394
9795.0,0.999642,485962.22293725656
9796.0,0.9992620000000001,485701.17940211744
9797.0,0.998332,485172.90737915534
9798.0,0.997827,484851.29235226
9799.0,0.9979530000000001,484836.31811099325
9800.0,0.9970389999999999,484316.1444156993
9801.0,0.995276,483383.7739945693
9802.0,0.99508,483212.6151745065
9803.0,0.9969530000000001,484046.0428484317
9804.0,0.9986950000000001,484815.59519020095
9805.0,0.999326,485045.63690593594
9806.0,0.9995129999999999,485060.11514753726
9807.0,0.999682,485065.83536492777
9808.0,0.999659,484978.3866634682
9809.0,0.9992469999999999,484702.254707164
9810.0,0.998866,484441.2248571027
9811.0,0.999035,484446.9608533765
9812.0,0.9992120000000001,484456.5542829576
9813.0,0.998398,483985.7257710636
9814.0,0.996267,482876.6944847325
9815.0,0.995484,482421.2467825651
9816.0,0.9964870000000001,482831.29982994444
9817.0,0.994885,481979.1934171078
9818.0,0.992661,480826.050979027
9819.0,0.99484,481805.6457156792
9820.0,0.9977239999999999,483126.2936675273
9821.0,0.998475,483413.80981176597
9822.0,0.998373,483288.2992654519
9823.0,0.998502,483274.61277462274
9824.0,0.999135,483504.8085976212
9825.0,0.999561,483634.7561376303
9826.0,0.999605,483579.8428372764
9827.0,0.999444,483425.7700290217
9828.0,0.99944,483347.65448748914
9829.0,0.9995780000000001,483338.2071839741
9830.0,0.999541,483244.1369205317
9831.0,0.999389,483094.4871059012
9832.0,0.9992469999999999,482949.6982409355
9833.0,0.9988739999999999,482693.30782260926
9834.0,0.9967719999999999,481601.59312503575
9835.0,0.993399,479896.20230307966
9836.0,0.993099,479675.61632169806
9837.0,0.9957219999999999,480866.6929204549
9838.0,0.9980379999999999,481909.13760502485
9839.0,0.9990549999999999,482324.1024860756
9840.0,0.99941,482419.3669787755
9841.0,0.999549,482410.334451018
9842.0,0.9994790000000001,482300.4321275667
9843.0,0.9991959999999999,482087.77786220715
9844.0,0.99892,481878.548218069
9845.0,0.999067,481873.3881312158
9846.0,0.999192,481857.600954347
9847.0,0.999092,481733.3109829952
9848.0,0.9992030000000001,481710.76302967605
9849.0,0.999402,481730.62059157446
9850.0,0.9994780000000001,481691.17366118234
9851.0,0.999525,481637.74579774216
9852.0,0.9994379999999999,481519.75562554406
9853.0,0.9990870000000001,481274.61087205994
9854.0,0.998668,480996.7729241525
9855.0,0.9985360000000001,480857.2118944945
9856.0,0.998862,480938.19639655337
9857.0,0.998858,480860.27077948855
9858.0,0.998091,480415.0927709043
9859.0,0.9978819999999999,480238.57817977696
9860.0,0.9987149999999999,480563.4916528127
9861.0,0.9992340000000001,480737.2160195101
9862.0,0.999137,480614.5519855385
9863.0,0.9989549999999999,480451.02649297676
9864.0,0.9989879999999999,480390.9222112579
9865.0,0.999179,480406.7844063828
9866.0,0.9993129999999999,480395.22106266656
9867.0,0.999367,480345.1902545576
9868.0,0.999293,480233.6427146885
9869.0,0.998974,480004.38945158554
9870.0,0.998769,479829.9576145921
9871.0,0.998949,479840.494793468
9872.0,0.9993299999999999,479947.5436400511
9873.0,0.999574,479988.75298938644
9874.0,0.999548,479900.2984884837
9875.0,0.9995069999999999,479804.65224101866
9876.0,0.9995709999999999,479759.41351081047
9877.0,0.9995719999999999,479683.9369595658
9878.0,0.999468,479558.08479494444
9879.0,0.999408,479453.36182419973
9880.0,0.999401,479374.07497593627
9881.0,0.9994129999999999,479303.90627198294
9882.0,0.9994649999999999,479252.9210871061
9883.0,0.99945,479169.8109281349
9884.0,0.999358,479049.79749340366
9885.0,0.999342,478966.2284173111
9886.0,0.999449,478941.6090549632
9887.0,0.9995,478890.1471722237
9888.0,0.999447,478788.86095250386
9889.0,0.999416,478698.1253015749
9890.0,0.9993489999999999,478590.1589021954
9891.0,0.9987229999999999,478214.5439588374
9892.0,0.9950620000000001,476386.02256074885
9893.0,0.987892,472878.39429617266
9894.0,0.986917,472336.77584018616
9895.0,0.993934,475619.66121807264
9896.0,0.9985129999999999,477735.03395769146
9897.0,0.9992559999999999,478014.68713229883
9898.0,0.997871,477276.4214563621
9899.0,0.993135,474935.8597265533
9900.0,0.989136,472948.4131003976
9901.0,0.9925229999999999,474492.5818438915
9902.0,0.997582,476835.4430511357
9903.0,0.9992790000000001,477570.7903145239
9904.0,0.999501,477601.0719379489
9905.0,0.999475,477512.83959993307
9906.0,0.999225,477317.61424503167
9907.0,0.9984629999999999,476877.894590649
9908.0,0.997842,476505.628225193
9909.0,0.998276,476637.18180338555
9910.0,0.998049,476453.1235396373
9911.0,0.996195,475492.523604964
9912.0,0.99579,475223.720352622
9913.0,0.997714,476066.28244169994
9914.0,0.9989819999999999,476595.59267745254
9915.0,0.999185,476616.70502906025
9916.0,0.9990549999999999,476478.9741972678
9917.0,0.998964,476359.8655476573
9918.0,0.999033,476317.0603684553
9919.0,0.998368,475924.35040987993
9920.0,0.995782,474616.1468027992
9921.0,0.992676,473060.53384037723
9922.0,0.9938610000000001,473549.9510500733
9923.0,0.997606,475258.7760439164
9924.0,0.9992549999999999,475968.6647493419
9925.0,0.999424,475973.4621479912
9926.0,0.9994790000000001,475923.95556411106
9927.0,0.999635,475922.5316134264
9928.0,0.999483,475774.4749405627
9929.0,0.997707,474853.51209542324
9930.0,0.9930260000000001,472550.4236210313
9931.0,0.990175,471118.751188715
9932.0,0.993093,472431.93116579816
9933.0,0.9967290000000001,474086.1855282337
9934.0,0.9987299999999999,474962.34374110703
9935.0,0.999516,475260.48319935106
9936.0,0.9994059999999999,475132.5371835825
9937.0,0.997208,474012.10475627927
9938.0,0.990066,470542.3071867847
9939.0,0.9839200000000001,467546.8829520311
9940.0,0.988935,469855.1217608212
9941.0,0.996667,473453.28131535207
9942.0,0.9993280000000001,474641.74936748267
9943.0,0.999577,474684.3968487215
9944.0,0.9995139999999999,474578.87139138
9945.0,0.999597,474542.67197080154
9946.0,0.99977,474549.1845962844
9947.0,0.9997450000000001,474461.709029765
9948.0,0.9989889999999999,474027.37791317626
9949.0,0.9970559999999999,473034.76063828496
9950.0,0.995959,472439.0025613597
9951.0,0.997398,473046.19049004867
9952.0,0.9989870000000001,473724.2969024391
9953.0,0.999518,473900.5398926368
9954.0,0.999291,473717.3754609281
9955.0,0.998026,473042.26169238536
9956.0,0.9965370000000001,472261.1904286577
9957.0,0.997031,472419.9480554189
9958.0,0.99866,473116.3440011303
9959.0,0.999398,473390.45420572883
9960.0,0.998872,473065.8278504437
9961.0,0.9947959999999999,471060.27445149573
9962.0,0.9868180000000001,467207.94455521955
9963.0,0.9856799999999999,466594.6995288899
9964.0,0.9933139999999999,470133.40072554396
9965.0,0.998401,472465.6568005303
9966.0,0.999518,472918.75705895777
9967.0,0.9996700000000001,472915.1802713857
9968.0,0.9996719999999999,472840.63663657405
9969.0,0.999489,472678.6079323445
9970.0,0.998914,472331.2572022177
9971.0,0.9978370000000001,471746.66861506307
9972.0,0.997648,471582.0002074872
9973.0,0.9987309999999999,472018.53629276116
9974.0,0.999395,472256.9189485867
9975.0,0.999361,472165.42468648957
9976.0,0.9993479999999999,472083.861306297
9977.0,0.999501,472080.7099361995
9978.0,0.999511,472010.01055348566
9979.0,0.999475,471917.5955878669
9980.0,0.9993639999999999,471789.784846032
9981.0,0.9988290000000001,471461.8622152815
9982.0,0.99829,471132.13810027315
9983.0,0.9985120000000001,471161.5891504906
9984.0,0.9991200000000001,471373.12255362474
9985.0,0.999449,471452.9619196568
9986.0,0.999484,471394.0958247742
9987.0,0.999524,471337.5878445182
9988.0,0.999592,471294.2810469078
9989.0,0.9994,471128.4026649233
9990.0,0.998215,470494.52232844604
9991.0,0.9957940000000001,469278.3483234397
9992.0,0.993715,468223.6902192521
9993.0,0.989151,465998.64348714246
9994.0,0.9790139999999999,461149.21593167743
9995.0,0.969759,456716.7077041276
9996.0,0.96278,453357.3310043956
9997.0,0.9622780000000001,453048.43669550546
9998.0,0.978397,460563.6753119732
9999.0,0.9927360000000001,467238.720009324
10000.0,0.9973209999999999,469321.55057711946
